time	V(n002)
0.000000000000000e+00	0.000000e+00
5.194140673125958e-10	3.264108e-13
1.038828134625192e-09	6.530704e-13
8.471450508051544e-06	5.266055e-09
1.694186218796846e-05	1.117606e-08
2.541227386788538e-05	1.773066e-08
3.388268554780230e-05	2.492985e-08
4.235309722771922e-05	3.277365e-08
5.082350890763614e-05	4.126204e-08
5.929392058755304e-05	5.039504e-08
8.231974032221591e-05	8.486874e-08
1.024645113028516e-04	1.340214e-07
1.206427593755874e-04	2.090862e-07
1.377550727129230e-04	3.328581e-07
1.559880164524373e-04	5.634472e-07
1.725187193046440e-04	9.337677e-07
1.893969771141134e-04	1.597363e-06
2.053539965116516e-04	2.693752e-06
2.214924928837574e-04	4.616397e-06
2.371828870558487e-04	7.847148e-06
2.529919875576575e-04	1.345027e-05
2.685878667695080e-04	2.295071e-05
2.842633892833620e-04	3.933067e-05
2.998413486488153e-04	6.723413e-05
3.154765451325175e-04	1.151893e-04
3.310777921627166e-04	1.970767e-04
3.467338694082403e-04	3.375524e-04
3.624086611688747e-04	5.776827e-04
3.781717588714577e-04	9.890987e-04
3.940426527927751e-04	1.692474e-03
4.101269659783612e-04	2.896133e-03
4.265558398619254e-04	4.953475e-03
4.436064711671119e-04	8.477035e-03
4.617681667393701e-04	1.453880e-02
4.819859163177295e-04	2.511474e-02
5.066962491216134e-04	4.389247e-02
5.313886520503524e-04	6.877206e-02
5.573111267004898e-04	1.005867e-01
5.906954832921128e-04	1.467671e-01
6.310063579114436e-04	2.061850e-01
6.768002519649255e-04	2.756234e-01
7.764166367856707e-04	4.279486e-01
9.396610564285279e-04	6.772168e-01
1.102905476071385e-03	9.212468e-01
1.266149895714242e-03	1.160038e+00
1.429394315357100e-03	1.393592e+00
1.592638734999957e-03	1.621907e+00
1.755883154642814e-03	1.844984e+00
1.919127574285671e-03	2.062822e+00
2.163994203749957e-03	2.377077e+00
2.408860833214242e-03	2.669455e+00
2.653727462678528e-03	2.939957e+00
2.898594092142814e-03	3.188582e+00
3.143460721607100e-03	3.415330e+00
3.388327351071386e-03	3.620203e+00
3.633193980535671e-03	3.803198e+00
3.759337395714242e-03	3.885848e+00
3.885480810892813e-03	3.961548e+00
4.011624226071383e-03	4.030298e+00
4.137767641249954e-03	4.092099e+00
4.263911056428525e-03	4.146950e+00
4.390054471607095e-03	4.194852e+00
4.516197886785666e-03	4.235804e+00
4.672022105535665e-03	4.277235e+00
4.775904918035664e-03	4.299389e+00
4.879787730535663e-03	4.317388e+00
4.931729136785663e-03	4.324905e+00
4.983670543035662e-03	4.331482e+00
5.035611949285662e-03	4.337162e+00
5.087553355535662e-03	4.341990e+00
5.139494761785661e-03	4.346019e+00
5.191436168035661e-03	4.349305e+00
5.243377574285660e-03	4.351907e+00
5.295318980535660e-03	4.353889e+00
5.347260386785659e-03	4.355317e+00
5.399201793035659e-03	4.356258e+00
5.451143199285659e-03	4.356781e+00
5.503084605535658e-03	4.356948e+00
5.555026011785658e-03	4.356823e+00
5.606967418035657e-03	4.356462e+00
5.658908824285657e-03	4.355916e+00
5.710850230535656e-03	4.355228e+00
5.762791636785656e-03	4.354434e+00
5.814733043035656e-03	4.353564e+00
5.866674449285655e-03	4.352640e+00
5.918615855535655e-03	4.351680e+00
5.970557261785654e-03	4.350696e+00
6.018243849731218e-03	4.349779e+00
6.065514446582941e-03	4.348861e+00
6.113458792675907e-03	4.347925e+00
6.165400198925907e-03	4.346908e+00
6.217341605175906e-03	4.345888e+00
6.269283011425906e-03	4.344868e+00
6.321224417675905e-03	4.343847e+00
6.373165823925905e-03	4.342826e+00
6.425107230175905e-03	4.341805e+00
6.477048636425904e-03	4.340785e+00
6.528990042675904e-03	4.339764e+00
6.580931448925903e-03	4.338744e+00
6.632872855175903e-03	4.337724e+00
6.736755667675902e-03	4.335684e+00
7.003882899818759e-03	4.330444e+00
7.271010131961616e-03	4.325210e+00
7.538137364104473e-03	4.319983e+00
7.805264596247330e-03	4.314762e+00
8.072391828390186e-03	4.309548e+00
8.339519060533044e-03	4.304339e+00
8.606646292675900e-03	4.299137e+00
8.762470511425901e-03	4.296106e+00
8.918294730175903e-03	4.293076e+00
9.074118948925904e-03	4.290049e+00
9.229943167675905e-03	4.287024e+00
9.385767386425907e-03	4.284001e+00
9.541591605175908e-03	4.280979e+00
9.697415823925909e-03	4.277960e+00
1.000906426142591e-02	4.271929e+00
1.010552687303306e-02	4.270064e+00
1.020198948464020e-02	4.268200e+00
1.029845209624734e-02	4.266337e+00
1.039491470785449e-02	4.264474e+00
1.049137731946163e-02	4.262612e+00
1.058783993106877e-02	4.260751e+00
1.068430254267592e-02	4.258891e+00
1.089206816767592e-02	4.254887e+00
1.109983379267592e-02	4.250887e+00
1.130759941767592e-02	4.246890e+00
1.151536504267592e-02	4.242898e+00
1.172313066767593e-02	4.238909e+00
1.193089629267593e-02	4.234924e+00
1.213866191767593e-02	4.230943e+00
1.247999115874736e-02	4.224410e+00
1.282132039981879e-02	4.217888e+00
1.316264964089022e-02	4.211375e+00
1.350397888196166e-02	4.204873e+00
1.384530812303309e-02	4.198381e+00
1.418663736410452e-02	4.191898e+00
1.452796660517595e-02	4.185426e+00
1.493607765428309e-02	4.177701e+00
1.534418870339023e-02	4.169990e+00
1.575229975249737e-02	4.162293e+00
1.616041080160451e-02	4.154610e+00
1.656852185071164e-02	4.146941e+00
1.697663289981878e-02	4.139287e+00
1.738474394892592e-02	4.131647e+00
1.762219037749734e-02	4.127208e+00
1.785963680606876e-02	4.122774e+00
1.809708323464019e-02	4.118345e+00
1.833452966321161e-02	4.113921e+00
1.857197609178303e-02	4.109501e+00
1.880942252035445e-02	4.105086e+00
1.904686894892588e-02	4.100676e+00
1.916559216321159e-02	4.098473e+00
1.928431537749730e-02	4.096270e+00
1.940303859178301e-02	4.094069e+00
1.952176180606872e-02	4.091870e+00
1.964048502035443e-02	4.089671e+00
1.975920823464014e-02	4.087474e+00
1.987793144892586e-02	4.085278e+00
2.024152129267585e-02	4.078559e+00
2.039734551142584e-02	4.075683e+00
2.055316973017584e-02	4.072809e+00
2.070899394892584e-02	4.069937e+00
2.086481816767583e-02	4.067067e+00
2.102064238642583e-02	4.064199e+00
2.117646660517582e-02	4.061334e+00
2.133229082392582e-02	4.058470e+00
2.155489685071153e-02	4.054382e+00
2.177750287749724e-02	4.050298e+00
2.200010890428295e-02	4.046219e+00
2.222271493106866e-02	4.042144e+00
2.244532095785436e-02	4.038073e+00
2.266792698464007e-02	4.034005e+00
2.289053301142578e-02	4.029943e+00
2.294247441767578e-02	4.028995e+00
2.299441582392578e-02	4.028048e+00
2.304635723017578e-02	4.027101e+00
2.309829863642578e-02	4.026154e+00
2.315024004267578e-02	4.025208e+00
2.320218144892577e-02	4.024261e+00
2.325412285517577e-02	4.023316e+00
2.330606426142577e-02	4.022371e+00
2.335800566767577e-02	4.021429e+00
2.340994707392577e-02	4.020492e+00
2.345326454234354e-02	4.019718e+00
2.348739694214762e-02	4.019118e+00
2.352388184222057e-02	4.018495e+00
2.355869982300012e-02	4.017929e+00
2.359461823441699e-02	4.017397e+00
2.363115146200853e-02	4.016945e+00
2.366880336353769e-02	4.016637e+00
2.370789033564463e-02	4.016600e+00
2.374896622979747e-02	4.017074e+00
2.379313009584820e-02	4.018540e+00
2.384275761627828e-02	4.021949e+00
2.389469902252828e-02	4.028222e+00
2.394664042877828e-02	4.037920e+00
2.399858183502828e-02	4.051237e+00
2.405052324127828e-02	4.067717e+00
2.410246464752827e-02	4.086467e+00
2.415440605377827e-02	4.106495e+00
2.420634746002827e-02	4.126953e+00
2.425828886627827e-02	4.147238e+00
2.431023027252827e-02	4.166960e+00
2.436217167877827e-02	4.185878e+00
2.446605449127827e-02	4.220796e+00
2.452541609842112e-02	4.238813e+00
2.458477770556398e-02	4.255441e+00
2.464413931270683e-02	4.270677e+00
2.470350091984969e-02	4.284522e+00
2.476286252699254e-02	4.296977e+00
2.482222413413540e-02	4.308041e+00
2.488158574127826e-02	4.317714e+00
2.493352714752825e-02	4.325189e+00
2.498546855377825e-02	4.331728e+00
2.503740996002825e-02	4.337373e+00
2.508935136627825e-02	4.342169e+00
2.514129277252825e-02	4.346169e+00
2.519323417877825e-02	4.349427e+00
2.524517558502825e-02	4.352005e+00
2.529711699127824e-02	4.353966e+00
2.534905839752824e-02	4.355375e+00
2.540099980377824e-02	4.356300e+00
2.545294121002824e-02	4.356808e+00
2.550488261627824e-02	4.356965e+00
2.555682402252824e-02	4.356830e+00
2.560876542877824e-02	4.356462e+00
2.566070683502824e-02	4.355909e+00
2.571264824127823e-02	4.355217e+00
2.576458964752823e-02	4.354420e+00
2.581653105377823e-02	4.353547e+00
2.586847246002823e-02	4.352622e+00
2.592041386627823e-02	4.351661e+00
2.597235527252823e-02	4.350676e+00
2.601984569563789e-02	4.349762e+00
2.606415120670024e-02	4.348902e+00
2.610681320168547e-02	4.348070e+00
2.615670382371389e-02	4.347093e+00
2.620864522996388e-02	4.346073e+00
2.626058663621388e-02	4.345053e+00
2.631252804246388e-02	4.344032e+00
2.636446944871388e-02	4.343011e+00
2.641641085496388e-02	4.341990e+00
2.646835226121388e-02	4.340970e+00
2.652029366746388e-02	4.339949e+00
2.657223507371387e-02	4.338929e+00
2.662417647996387e-02	4.337909e+00
2.672805929246387e-02	4.335869e+00
2.699518652460672e-02	4.330629e+00
2.726231375674957e-02	4.325395e+00
2.752944098889242e-02	4.320168e+00
2.779656822103527e-02	4.314947e+00
2.806369545317812e-02	4.309732e+00
2.833082268532098e-02	4.304523e+00
2.859794991746382e-02	4.299321e+00
2.876119433710668e-02	4.296145e+00
2.892443875674953e-02	4.292971e+00
2.908768317639238e-02	4.289799e+00
2.925092759603524e-02	4.286630e+00
2.941417201567809e-02	4.283464e+00
2.957741643532094e-02	4.280300e+00
2.974066085496380e-02	4.277138e+00
3.000036788621379e-02	4.272112e+00
3.008941029692807e-02	4.270390e+00
3.017845270764236e-02	4.268669e+00
3.026749511835664e-02	4.266949e+00
3.035653752907093e-02	4.265229e+00
3.044557993978521e-02	4.263510e+00
3.053462235049949e-02	4.261792e+00
3.062366476121377e-02	4.260074e+00
3.082401018532091e-02	4.256212e+00
3.102435560942805e-02	4.252354e+00
3.122470103353519e-02	4.248499e+00
3.142504645764232e-02	4.244647e+00
3.162539188174947e-02	4.240799e+00
3.182573730585660e-02	4.236955e+00
3.202608272996374e-02	4.233114e+00
3.235257156924944e-02	4.226862e+00
3.267906040853515e-02	4.220619e+00
3.300554924782086e-02	4.214386e+00
3.333203808710657e-02	4.208161e+00
3.365852692639227e-02	4.201946e+00
3.398501576567798e-02	4.195740e+00
3.431150460496368e-02	4.189544e+00
3.474187625674938e-02	4.181389e+00
3.517224790853509e-02	4.173250e+00
3.560261956032079e-02	4.165128e+00
3.603299121210650e-02	4.157021e+00
3.646336286389220e-02	4.148930e+00
3.689373451567791e-02	4.140855e+00
3.732410616746361e-02	4.132795e+00
3.756155259603503e-02	4.128355e+00
3.779899902460646e-02	4.123920e+00
3.803644545317788e-02	4.119490e+00
3.827389188174930e-02	4.115064e+00
3.851133831032072e-02	4.110643e+00
3.874878473889214e-02	4.106227e+00
3.898623116746357e-02	4.101816e+00
3.911237458264213e-02	4.099474e+00
3.923851799782070e-02	4.097134e+00
3.936466141299927e-02	4.094795e+00
3.949080482817784e-02	4.092457e+00
3.961694824335641e-02	4.090121e+00
3.974309165853498e-02	4.087786e+00
3.986923507371355e-02	4.085452e+00
3.992859668085640e-02	4.084354e+00
3.998795828799925e-02	4.083257e+00
4.004731989514211e-02	4.082160e+00
4.010668150228497e-02	4.081063e+00
4.016604310942783e-02	4.079967e+00
4.022540471657068e-02	4.078871e+00
4.028476632371353e-02	4.077775e+00
4.044801074335639e-02	4.074762e+00
4.061125516299924e-02	4.071752e+00
4.077449958264209e-02	4.068744e+00
4.093774400228495e-02	4.065739e+00
4.110098842192780e-02	4.062735e+00
4.126423284157065e-02	4.059734e+00
4.142747726121351e-02	4.056735e+00
4.164266308710636e-02	4.052785e+00
4.185784891299921e-02	4.048839e+00
4.207303473889206e-02	4.044897e+00
4.228822056478491e-02	4.040959e+00
4.250340639067777e-02	4.037025e+00
4.271859221657062e-02	4.033094e+00
4.293377804246347e-02	4.029167e+00
4.298571944871347e-02	4.028220e+00
4.303766085496347e-02	4.027273e+00
4.308960226121347e-02	4.026326e+00
4.314154366746346e-02	4.025380e+00
4.319348507371346e-02	4.024433e+00
4.324542647996346e-02	4.023488e+00
4.329736788621346e-02	4.022543e+00
4.334930929246346e-02	4.021600e+00
4.340125069871346e-02	4.020662e+00
4.344230499863074e-02	4.019926e+00
4.347654855081851e-02	4.019321e+00
4.351259258349686e-02	4.018699e+00
4.354721894200138e-02	4.018125e+00
4.358286857023293e-02	4.017577e+00
4.361908325717235e-02	4.017095e+00
4.365634422814198e-02	4.016729e+00
4.369490873540537e-02	4.016584e+00
4.373524521116097e-02	4.016853e+00
4.377822740061008e-02	4.017915e+00
4.382564004790066e-02	4.020534e+00
4.387758145415066e-02	4.025818e+00
4.392952286040066e-02	4.034329e+00
4.398146426665066e-02	4.046472e+00
4.403340567290066e-02	4.061991e+00
4.408534707915066e-02	4.080103e+00
4.413728848540065e-02	4.099812e+00
4.418922989165065e-02	4.120203e+00
4.424117129790065e-02	4.140595e+00
4.429311270415065e-02	4.160537e+00
4.434505411040065e-02	4.179741e+00
4.444893692290065e-02	4.215326e+00
4.450829853004350e-02	4.233760e+00
4.456766013718635e-02	4.250797e+00
4.462702174432921e-02	4.266438e+00
4.468638335147207e-02	4.280682e+00
4.474574495861493e-02	4.293531e+00
4.480510656575778e-02	4.304983e+00
4.486446817290064e-02	4.315039e+00
4.491640957915063e-02	4.322831e+00
4.496835098540063e-02	4.329674e+00
4.502029239165063e-02	4.335608e+00
4.507223379790063e-02	4.340679e+00
4.512417520415063e-02	4.344935e+00
4.517611661040063e-02	4.348432e+00
4.522805801665063e-02	4.351227e+00
4.527999942290063e-02	4.353384e+00
4.533194082915062e-02	4.354967e+00
4.538388223540062e-02	4.356044e+00
4.543582364165062e-02	4.356683e+00
4.548776504790062e-02	4.356948e+00
4.553970645415062e-02	4.356903e+00
4.559164786040062e-02	4.356606e+00
4.564358926665062e-02	4.356109e+00
4.569553067290062e-02	4.355458e+00
4.574747207915061e-02	4.354692e+00
4.579941348540061e-02	4.353842e+00
4.585135489165061e-02	4.352931e+00
4.590329629790061e-02	4.351980e+00
4.595523770415061e-02	4.351003e+00
4.600464851500668e-02	4.350056e+00
4.604969489482295e-02	4.349184e+00
4.609255478947579e-02	4.348348e+00
4.613772934232508e-02	4.347465e+00
4.618525457871415e-02	4.346532e+00
4.623719598496415e-02	4.345513e+00
4.628913739121415e-02	4.344492e+00
4.634107879746415e-02	4.343471e+00
4.639302020371415e-02	4.342450e+00
4.644496160996415e-02	4.341429e+00
4.649690301621415e-02	4.340409e+00
4.654884442246415e-02	4.339388e+00
4.660078582871414e-02	4.338368e+00
4.665272723496414e-02	4.337348e+00
4.680855145371414e-02	4.334290e+00
4.707567868585699e-02	4.329051e+00
4.734280591799984e-02	4.323819e+00
4.760993315014269e-02	4.318594e+00
4.787706038228554e-02	4.313374e+00
4.814418761442840e-02	4.308161e+00
4.841131484657124e-02	4.302955e+00
4.867844207871409e-02	4.297754e+00
4.883426629746409e-02	4.294724e+00
4.899009051621409e-02	4.291695e+00
4.914591473496408e-02	4.288669e+00
4.930173895371408e-02	4.285645e+00
4.945756317246407e-02	4.282623e+00
4.961338739121407e-02	4.279603e+00
4.976921160996407e-02	4.276585e+00
4.984341361889263e-02	4.275148e+00
4.991761562782120e-02	4.273713e+00
4.999181763674977e-02	4.272277e+00
5.006601964567835e-02	4.270842e+00
5.014022165460692e-02	4.269408e+00
5.021442366353548e-02	4.267974e+00
5.028862567246405e-02	4.266541e+00
5.037024788228548e-02	4.264964e+00
5.045187009210691e-02	4.263389e+00
5.053349230192834e-02	4.261814e+00
5.061511451174976e-02	4.260239e+00
5.069673672157118e-02	4.258665e+00
5.077835893139261e-02	4.257092e+00
5.085998114121404e-02	4.255519e+00
5.091192254746404e-02	4.254519e+00
5.114194877514260e-02	4.250091e+00
5.137197500282117e-02	4.245667e+00
5.160200123049973e-02	4.241249e+00
5.183202745817830e-02	4.236834e+00
5.206205368585687e-02	4.232425e+00
5.229207991353543e-02	4.228020e+00
5.252210614121400e-02	4.223619e+00
5.260372835103543e-02	4.222059e+00
5.268535056085685e-02	4.220499e+00
5.276697277067828e-02	4.218940e+00
5.284859498049970e-02	4.217381e+00
5.293021719032113e-02	4.215823e+00
5.301183940014256e-02	4.214265e+00
5.309346160996398e-02	4.212708e+00
5.314540301621398e-02	4.211718e+00
5.318800000000000e-02	4.210906e+00
