time	V(n002)
0.000000000000000e+00	0.000000e+00
5.194140673125958e-10	1.043627e-13
1.038828134625192e-09	2.088049e-13
8.471352697261658e-06	1.683714e-09
1.694166656638869e-05	3.573368e-09
2.541198043551572e-05	5.669170e-09
3.388229430464275e-05	7.971120e-09
4.235260817376979e-05	1.047922e-08
5.082292204289682e-05	1.319346e-08
5.929323591202383e-05	1.611386e-08
8.231912947624393e-05	2.713750e-08
1.024641850427404e-04	4.285522e-08
1.206426869083793e-04	6.685885e-08
1.377551575495729e-04	1.064375e-07
1.559883068580588e-04	1.801732e-07
1.725190684987857e-04	2.985906e-07
1.893973399762409e-04	5.107891e-07
2.053541919819580e-04	8.613822e-07
2.214923301143739e-04	1.476190e-06
2.371820075358404e-04	2.509297e-06
2.529898220212233e-04	4.301037e-06
2.685834539924794e-04	7.339072e-06
2.842550662269025e-04	1.257712e-05
2.998263230254412e-04	2.150047e-05
3.154499548733748e-04	3.683700e-05
3.310314108000512e-04	6.302755e-05
3.466534305954564e-04	1.079629e-04
3.622698369093551e-04	1.847932e-04
3.779324019050917e-04	3.164737e-04
3.936302077357547e-04	5.417221e-04
4.094147881744438e-04	9.274499e-04
4.253215744311977e-04	1.587147e-03
4.414502903182477e-04	2.715825e-03
4.579465933699343e-04	4.645805e-03
4.750927507007569e-04	7.952943e-03
4.933954329431064e-04	1.365149e-02
5.137993320166912e-04	2.361722e-02
5.386775827062157e-04	4.138805e-02
5.642605093566490e-04	6.588882e-02
5.913410091383184e-04	9.787901e-02
6.250706908205027e-04	1.434326e-01
6.703583420312773e-04	2.093238e-01
7.192104910089804e-04	2.828788e-01
7.698224801701603e-04	3.599632e-01
9.256466989201605e-04	5.980349e-01
1.081470917670161e-03	8.314685e-01
1.237295136420161e-03	1.060264e+00
1.393119355170161e-03	1.284421e+00
1.548943573920161e-03	1.503940e+00
1.704767792670161e-03	1.718821e+00
1.860592011420160e-03	1.929064e+00
2.105458640884446e-03	2.247821e+00
2.350325270348732e-03	2.545061e+00
2.595191899813018e-03	2.820785e+00
2.840058529277304e-03	3.074994e+00
3.084925158741590e-03	3.307687e+00
3.329791788205875e-03	3.518864e+00
3.574658417670161e-03	3.708525e+00
3.700801832848731e-03	3.794669e+00
3.826945248027303e-03	3.873879e+00
3.953088663205873e-03	3.946156e+00
4.079232078384444e-03	4.011501e+00
4.205375493563015e-03	4.069912e+00
4.331518908741586e-03	4.121391e+00
4.457662323920157e-03	4.165936e+00
4.524444131955871e-03	4.186677e+00
4.591225939991584e-03	4.205660e+00
4.658007748027298e-03	4.222885e+00
4.724789556063012e-03	4.238353e+00
4.791571364098726e-03	4.252062e+00
4.858353172134439e-03	4.264014e+00
4.925134980170153e-03	4.274208e+00
4.977076386420152e-03	4.281178e+00
5.029017792670152e-03	4.287265e+00
5.080959198920152e-03	4.292516e+00
5.132900605170151e-03	4.296986e+00
5.184842011420151e-03	4.300730e+00
5.236783417670150e-03	4.303811e+00
5.288724823920150e-03	4.306293e+00
5.340666230170149e-03	4.308244e+00
5.392607636420149e-03	4.309730e+00
5.444549042670149e-03	4.310819e+00
5.496490448920148e-03	4.311575e+00
5.548431855170148e-03	4.312059e+00
5.600373261420147e-03	4.312325e+00
5.652314667670147e-03	4.312422e+00
5.704256073920146e-03	4.312391e+00
5.756197480170146e-03	4.312265e+00
5.808138886420146e-03	4.312072e+00
5.860080292670145e-03	4.311832e+00
5.912021698920145e-03	4.311561e+00
5.957330817119915e-03	4.311307e+00
5.999930535631869e-03	4.311059e+00
6.044901443539102e-03	4.310790e+00
6.085590532002899e-03	4.310542e+00
6.124876120530704e-03	4.310301e+00
6.162575266839053e-03	4.310068e+00
6.199356090286764e-03	4.309840e+00
6.235355000032547e-03	4.309617e+00
6.270997492539756e-03	4.309395e+00
6.306637096401590e-03	4.309173e+00
6.342731277541495e-03	4.308948e+00
6.379789717236294e-03	4.308717e+00
6.418425444033720e-03	4.308476e+00
6.459353595662067e-03	4.308221e+00
6.503405663829130e-03	4.307946e+00
6.552344194597407e-03	4.307641e+00
6.604285600847406e-03	4.307317e+00
6.656227007097406e-03	4.306993e+00
6.760109819597405e-03	4.306346e+00
7.027237051740262e-03	4.304681e+00
7.294364283883119e-03	4.303017e+00
7.561491516025975e-03	4.301354e+00
7.828618748168833e-03	4.299691e+00
8.095745980311689e-03	4.298029e+00
8.362873212454547e-03	4.296367e+00
8.630000444597403e-03	4.294706e+00
8.785824663347404e-03	4.293738e+00
8.941648882097405e-03	4.292769e+00
9.097473100847407e-03	4.291801e+00
9.253297319597408e-03	4.290834e+00
9.409121538347410e-03	4.289866e+00
9.564945757097411e-03	4.288899e+00
9.720769975847412e-03	4.287931e+00
9.802392185668841e-03	4.287425e+00
9.884014395490271e-03	4.286919e+00
9.965636605311700e-03	4.286412e+00
1.004725881513313e-02	4.285906e+00
1.012888102495456e-02	4.285399e+00
1.021050323477599e-02	4.284893e+00
1.029212544459742e-02	4.284387e+00
1.045536986424028e-02	4.283374e+00
1.061861428388313e-02	4.282363e+00
1.078185870352599e-02	4.281351e+00
1.094510312316885e-02	4.280339e+00
1.110834754281171e-02	4.279328e+00
1.127159196245457e-02	4.278317e+00
1.143483638209743e-02	4.277307e+00
1.170938381513314e-02	4.275607e+00
1.198393124816886e-02	4.273908e+00
1.225847868120458e-02	4.272210e+00
1.253302611424029e-02	4.270513e+00
1.280757354727601e-02	4.268816e+00
1.308212098031173e-02	4.267120e+00
1.335666841334744e-02	4.265425e+00
1.390576327941887e-02	4.262036e+00
1.445485814549029e-02	4.258650e+00
1.500395301156172e-02	4.255267e+00
1.555304787763315e-02	4.251886e+00
1.610214274370457e-02	4.248509e+00
1.665123760977600e-02	4.245134e+00
1.720033247584742e-02	4.241761e+00
1.744519910531170e-02	4.240258e+00
1.769006573477598e-02	4.238755e+00
1.793493236424026e-02	4.237253e+00
1.817979899370454e-02	4.235752e+00
1.842466562316882e-02	4.234251e+00
1.866953225263310e-02	4.232751e+00
1.891439888209738e-02	4.231251e+00
1.904796249816881e-02	4.230433e+00
1.918152611424023e-02	4.229615e+00
1.931508973031166e-02	4.228798e+00
1.944865334638308e-02	4.227980e+00
1.958221696245451e-02	4.227163e+00
1.971578057852593e-02	4.226346e+00
1.984934419459736e-02	4.225529e+00
1.990128560084736e-02	4.225211e+00
1.995322700709735e-02	4.224894e+00
2.000516841334735e-02	4.224576e+00
2.005710981959735e-02	4.224258e+00
2.010905122584735e-02	4.223941e+00
2.016099263209735e-02	4.223623e+00
2.021293403834735e-02	4.223306e+00
2.036875825709734e-02	4.222353e+00
2.052458247584734e-02	4.221401e+00
2.068040669459734e-02	4.220449e+00
2.083623091334733e-02	4.219497e+00
2.099205513209733e-02	4.218546e+00
2.114787935084732e-02	4.217594e+00
2.130370356959732e-02	4.216643e+00
2.156341060084731e-02	4.215059e+00
2.182311763209731e-02	4.213475e+00
2.208282466334730e-02	4.211891e+00
2.234253169459730e-02	4.210308e+00
2.260223872584729e-02	4.208726e+00
2.286194575709728e-02	4.207144e+00
2.312165278834728e-02	4.205563e+00
2.317359419459727e-02	4.205247e+00
2.322553560084727e-02	4.204931e+00
2.327747700709727e-02	4.204615e+00
2.332941841334727e-02	4.204298e+00
2.338135981959727e-02	4.203982e+00
2.343330122584727e-02	4.203667e+00
2.348524263209727e-02	4.203351e+00
2.353113100339174e-02	4.203072e+00
2.357384047258285e-02	4.202813e+00
2.361830690468732e-02	4.202543e+00
2.365959256779667e-02	4.202294e+00
2.370125853363750e-02	4.202044e+00
2.374274323020103e-02	4.201797e+00
2.378493598951367e-02	4.201552e+00
2.382810735800955e-02	4.201309e+00
2.387260550927519e-02	4.201072e+00
2.391875461881366e-02	4.200853e+00
2.396690927247846e-02	4.200672e+00
2.401752492614618e-02	4.200564e+00
2.406946633239617e-02	4.200595e+00
2.412140773864617e-02	4.200849e+00
2.417334914489617e-02	4.201441e+00
2.422529055114617e-02	4.202515e+00
2.427723195739617e-02	4.204242e+00
2.432917336364617e-02	4.206794e+00
2.438111476989617e-02	4.210314e+00
2.443305617614617e-02	4.214880e+00
2.448499758239616e-02	4.220476e+00
2.453693898864616e-02	4.226984e+00
2.458888039489616e-02	4.234204e+00
2.464082180114616e-02	4.241889e+00
2.469276320739616e-02	4.249782e+00
2.474470461364616e-02	4.257647e+00
2.479664601989616e-02	4.265284e+00
2.484858742614615e-02	4.272533e+00
2.490052883239615e-02	4.279281e+00
2.495247023864615e-02	4.285448e+00
2.510829445739615e-02	4.300138e+00
2.516023586364615e-02	4.303766e+00
2.521217726989615e-02	4.306801e+00
2.526411867614614e-02	4.309284e+00
2.531606008239614e-02	4.311266e+00
2.536800148864614e-02	4.312801e+00
2.541994289489614e-02	4.313947e+00
2.547188430114614e-02	4.314760e+00
2.552382570739614e-02	4.315297e+00
2.557576711364614e-02	4.315609e+00
2.562770851989614e-02	4.315745e+00
2.567964992614613e-02	4.315744e+00
2.573159133239613e-02	4.315642e+00
2.578353273864613e-02	4.315467e+00
2.583547414489613e-02	4.315239e+00
2.588741555114613e-02	4.314977e+00
2.593935695739613e-02	4.314690e+00
2.598693287494585e-02	4.314415e+00
2.603093907303734e-02	4.314152e+00
2.607255915659102e-02	4.313900e+00
2.611232325146367e-02	4.313655e+00
2.615059468917554e-02	4.313419e+00
2.618771924611425e-02	4.313189e+00
2.622404074966977e-02	4.312963e+00
2.625990674758259e-02	4.312740e+00
2.629570274932440e-02	4.312517e+00
2.633186236360936e-02	4.312291e+00
2.636889628282901e-02	4.312060e+00
2.640740056415241e-02	4.311820e+00
2.644932930887918e-02	4.311558e+00
2.650127071512918e-02	4.311234e+00
2.655321212137918e-02	4.310910e+00
2.660515352762918e-02	4.310586e+00
2.665709493387917e-02	4.310262e+00
2.676097774637917e-02	4.309614e+00
2.702810497852202e-02	4.307948e+00
2.729523221066487e-02	4.306283e+00
2.756235944280772e-02	4.304618e+00
2.782948667495058e-02	4.302954e+00
2.809661390709342e-02	4.301290e+00
2.836374113923628e-02	4.299628e+00
2.863086837137913e-02	4.297966e+00
2.878669259012912e-02	4.296996e+00
2.894251680887912e-02	4.296027e+00
2.909834102762911e-02	4.295059e+00
2.925416524637911e-02	4.294090e+00
2.940998946512911e-02	4.293122e+00
2.956581368387910e-02	4.292153e+00
2.972163790262910e-02	4.291185e+00
2.980326011245053e-02	4.290679e+00
2.988488232227195e-02	4.290172e+00
2.996650453209338e-02	4.289665e+00
3.004812674191481e-02	4.289158e+00
3.012974895173623e-02	4.288651e+00
3.021137116155766e-02	4.288145e+00
3.029299337137908e-02	4.287638e+00
3.045623779102194e-02	4.286625e+00
3.061948221066479e-02	4.285613e+00
3.078272663030764e-02	4.284600e+00
3.094597104995050e-02	4.283588e+00
3.110921546959335e-02	4.282576e+00
3.127245988923620e-02	4.281564e+00
3.143570430887906e-02	4.280552e+00
3.171025174191476e-02	4.278852e+00
3.198479917495047e-02	4.277152e+00
3.225934660798618e-02	4.275452e+00
3.253389404102189e-02	4.273754e+00
3.280844147405759e-02	4.272056e+00
3.308298890709330e-02	4.270359e+00
3.335753634012901e-02	4.268662e+00
3.390663120620042e-02	4.265271e+00
3.445572607227184e-02	4.261882e+00
3.500482093834326e-02	4.258496e+00
3.555391580441467e-02	4.255113e+00
3.610301067048608e-02	4.251733e+00
3.665210553655750e-02	4.248355e+00
3.720120040262891e-02	4.244980e+00
3.744606703209320e-02	4.243476e+00
3.769093366155747e-02	4.241972e+00
3.793580029102175e-02	4.240469e+00
3.818066692048603e-02	4.238966e+00
3.842553354995031e-02	4.237464e+00
3.867040017941459e-02	4.235963e+00
3.891526680887887e-02	4.234462e+00
3.904883042495030e-02	4.233643e+00
3.918239404102172e-02	4.232825e+00
3.931595765709315e-02	4.232006e+00
3.944952127316457e-02	4.231188e+00
3.958308488923599e-02	4.230371e+00
3.971664850530742e-02	4.229553e+00
3.985021212137885e-02	4.228735e+00
3.990215352762885e-02	4.228418e+00
3.995409493387884e-02	4.228100e+00
4.000603634012884e-02	4.227782e+00
4.005797774637884e-02	4.227464e+00
4.010991915262884e-02	4.227146e+00
4.016186055887884e-02	4.226828e+00
4.021380196512884e-02	4.226511e+00
4.036962618387883e-02	4.225557e+00
4.052545040262883e-02	4.224604e+00
4.068127462137883e-02	4.223652e+00
4.083709884012882e-02	4.222699e+00
4.099292305887882e-02	4.221747e+00
4.114874727762882e-02	4.220795e+00
4.130457149637881e-02	4.219843e+00
4.156427852762880e-02	4.218258e+00
4.182398555887880e-02	4.216672e+00
4.208369259012879e-02	4.215088e+00
4.234339962137879e-02	4.213503e+00
4.260310665262878e-02	4.211920e+00
4.286281368387877e-02	4.210337e+00
4.312252071512877e-02	4.208755e+00
4.317446212137876e-02	4.208438e+00
4.322640352762876e-02	4.208122e+00
4.327834493387876e-02	4.207806e+00
4.333028634012876e-02	4.207489e+00
4.338222774637876e-02	4.207173e+00
4.343416915262876e-02	4.206857e+00
4.348611055887876e-02	4.206541e+00
4.353251413179207e-02	4.206258e+00
4.357551600683115e-02	4.205997e+00
4.362030250399517e-02	4.205726e+00
4.366179382645062e-02	4.205475e+00
4.370362877800403e-02	4.205224e+00
4.374525022030582e-02	4.204976e+00
4.378756483480839e-02	4.204729e+00
4.383085330275985e-02	4.204484e+00
4.387547027635880e-02	4.204246e+00
4.392174487200019e-02	4.204023e+00
4.397003606179986e-02	4.203837e+00
4.402080166874942e-02	4.203722e+00
4.407274307499942e-02	4.203740e+00
4.412468448124942e-02	4.203973e+00
4.417662588749942e-02	4.204530e+00
4.422856729374942e-02	4.205550e+00
4.428050869999942e-02	4.207197e+00
4.433245010624941e-02	4.209640e+00
4.438439151249941e-02	4.213018e+00
4.443633291874941e-02	4.217412e+00
4.448827432499941e-02	4.222813e+00
4.454021573124941e-02	4.229113e+00
4.459215713749941e-02	4.236124e+00
4.464409854374941e-02	4.243606e+00
4.469603994999941e-02	4.251310e+00
4.474798135624940e-02	4.259003e+00
4.479992276249940e-02	4.266485e+00
4.485186416874940e-02	4.273598e+00
4.490380557499940e-02	4.280222e+00
4.495574698124940e-02	4.286282e+00
4.511157119999940e-02	4.300717e+00
4.516351260624939e-02	4.304280e+00
4.521545401249939e-02	4.307257e+00
4.526739541874939e-02	4.309690e+00
4.531933682499939e-02	4.311630e+00
4.537127823124939e-02	4.313128e+00
4.542321963749939e-02	4.314243e+00
4.547516104374939e-02	4.315032e+00
4.552710244999938e-02	4.315549e+00
4.557904385624938e-02	4.315846e+00
4.563098526249938e-02	4.315969e+00
4.568292666874938e-02	4.315960e+00
4.573486807499938e-02	4.315852e+00
4.578680948124938e-02	4.315671e+00
4.583875088749938e-02	4.315441e+00
4.589069229374938e-02	4.315176e+00
4.594263369999937e-02	4.314888e+00
4.598984201663815e-02	4.314614e+00
4.603369778790765e-02	4.314352e+00
4.607517626757637e-02	4.314100e+00
4.611484274803920e-02	4.313856e+00
4.615303128523300e-02	4.313620e+00
4.619010022118823e-02	4.313390e+00
4.622638876397529e-02	4.313165e+00
4.626224851305464e-02	4.312942e+00
4.629806809944528e-02	4.312718e+00
4.633428612703250e-02	4.312492e+00
4.637142024490758e-02	4.312261e+00
4.641377513118686e-02	4.311996e+00
4.646297277506162e-02	4.311689e+00
4.651491418131162e-02	4.311365e+00
4.656685558756161e-02	4.311041e+00
4.661879699381161e-02	4.310717e+00
4.667073840006161e-02	4.310393e+00
4.677462121256161e-02	4.309745e+00
4.704174844470446e-02	4.308079e+00
4.730887567684731e-02	4.306413e+00
4.757600290899016e-02	4.304749e+00
4.784313014113301e-02	4.303084e+00
4.811025737327587e-02	4.301421e+00
4.837738460541871e-02	4.299758e+00
4.864451183756156e-02	4.298096e+00
4.880033605631156e-02	4.297127e+00
4.895616027506156e-02	4.296158e+00
4.911198449381155e-02	4.295189e+00
4.926780871256155e-02	4.294221e+00
4.942363293131154e-02	4.293252e+00
4.957945715006154e-02	4.292284e+00
4.973528136881154e-02	4.291316e+00
4.999498840006153e-02	4.289703e+00
5.006177020809724e-02	4.289288e+00
5.012855201613296e-02	4.288874e+00
5.019533382416867e-02	4.288459e+00
5.026211563220438e-02	4.288045e+00
5.032889744024009e-02	4.287630e+00
5.039567924827581e-02	4.287216e+00
5.046246105631152e-02	4.286801e+00
5.051440246256152e-02	4.286479e+00
5.070732768577580e-02	4.285282e+00
5.090025290899008e-02	4.284086e+00
5.109317813220436e-02	4.282890e+00
5.128610335541864e-02	4.281694e+00
5.147902857863292e-02	4.280499e+00
5.167195380184721e-02	4.279303e+00
5.186487902506148e-02	4.278109e+00
5.204296384649005e-02	4.277006e+00
5.222104866791862e-02	4.275904e+00
5.239913348934718e-02	4.274802e+00
5.257721831077575e-02	4.273700e+00
5.275530313220432e-02	4.272599e+00
5.293338795363289e-02	4.271497e+00
5.311147277506145e-02	4.270396e+00
5.316341418131145e-02	4.270075e+00
5.318800000000000e-02	4.269924e+00
