time	V(n002)
0.000000000000000e+00	0.000000e+00
5.194140673125958e-10	1.534131e-13
1.038828134625192e-09	3.069432e-13
8.471374315723651e-06	2.475057e-09
1.694170980331268e-05	5.252828e-09
2.541204529090170e-05	8.333620e-09
3.388238077849073e-05	1.171743e-08
4.235271626607975e-05	1.540427e-08
5.082305175366878e-05	1.939412e-08
5.929338724125778e-05	2.368700e-08
8.231926450594619e-05	3.989128e-08
1.024642571993302e-04	6.299560e-08
1.206427029924932e-04	9.827986e-08
1.377551388789465e-04	1.564587e-07
1.559882427729205e-04	2.648470e-07
1.725189914238183e-04	4.389155e-07
1.893972598804561e-04	7.508380e-07
2.053541488631336e-04	1.266195e-06
2.214923661336320e-04	2.169935e-06
2.371822018905402e-04	3.688555e-06
2.529903004634281e-04	6.322326e-06
2.685844288475034e-04	1.078808e-05
2.842569048161380e-04	1.848772e-05
2.998296420039979e-04	3.160445e-05
3.154558277421061e-04	5.414787e-05
3.310416531410221e-04	9.264509e-05
3.466711888172492e-04	1.586930e-04
3.623004700205215e-04	2.716158e-04
3.779851751287547e-04	4.651394e-04
3.937210139971809e-04	7.961307e-04
4.095711979510375e-04	1.362829e-03
4.255914723060571e-04	2.331797e-03
4.419181405200609e-04	3.989338e-03
4.587640165635597e-04	6.825584e-03
4.765427008518139e-04	1.169766e-02
4.959902288469672e-04	2.014565e-02
5.188661209692231e-04	3.496950e-02
5.432322773119088e-04	5.670340e-02
5.698290775031085e-04	8.661465e-02
5.989226934315170e-04	1.248420e-01
6.445191886172754e-04	1.904558e-01
6.939363972666573e-04	2.646209e-01
7.411975913837086e-04	3.366573e-01
8.970218101337086e-04	5.752200e-01
1.052846028883709e-03	8.092396e-01
1.208670247633709e-03	1.038716e+00
1.364494466383709e-03	1.263650e+00
1.520318685133709e-03	1.484040e+00
1.676142903883709e-03	1.699888e+00
1.831967122633709e-03	1.911192e+00
2.084253952990852e-03	2.241449e+00
2.336540783347995e-03	2.548882e+00
2.588827613705138e-03	2.833490e+00
2.841114444062280e-03	3.095272e+00
3.093401274419424e-03	3.334230e+00
3.345688104776567e-03	3.550362e+00
3.597974935133709e-03	3.743670e+00
3.724118350312280e-03	3.828419e+00
3.850261765490851e-03	3.906233e+00
3.976405180669421e-03	3.977110e+00
4.102548595847992e-03	4.041051e+00
4.228692011026563e-03	4.098056e+00
4.354835426205133e-03	4.148124e+00
4.480978841383704e-03	4.191256e+00
4.547760649419418e-03	4.211259e+00
4.614542457455131e-03	4.229520e+00
4.681324265490845e-03	4.246038e+00
4.748106073526559e-03	4.260814e+00
4.814887881562273e-03	4.273847e+00
4.881669689597986e-03	4.285137e+00
4.948451497633700e-03	4.294685e+00
5.000392903883700e-03	4.301176e+00
5.052334310133699e-03	4.306801e+00
5.104275716383699e-03	4.311610e+00
5.156217122633699e-03	4.315657e+00
5.208158528883698e-03	4.319002e+00
5.260099935133698e-03	4.321707e+00
5.312041341383697e-03	4.323838e+00
5.363982747633697e-03	4.325461e+00
5.415924153883696e-03	4.326646e+00
5.467865560133696e-03	4.327456e+00
5.519806966383696e-03	4.327955e+00
5.571748372633695e-03	4.328203e+00
5.623689778883695e-03	4.328250e+00
5.675631185133694e-03	4.328144e+00
5.727572591383694e-03	4.327923e+00
5.779513997633694e-03	4.327617e+00
5.831455403883693e-03	4.327251e+00
5.883396810133693e-03	4.326845e+00
5.935338216383692e-03	4.326412e+00
5.984128500477840e-03	4.325988e+00
6.028718680848987e-03	4.325593e+00
6.070926988468018e-03	4.325212e+00
6.111216385874279e-03	4.324847e+00
6.157231181993072e-03	4.324427e+00
6.206660390810726e-03	4.323974e+00
6.258601797060726e-03	4.323498e+00
6.310543203310725e-03	4.323020e+00
6.362484609560725e-03	4.322543e+00
6.414426015810724e-03	4.322065e+00
6.466367422060724e-03	4.321588e+00
6.518308828310723e-03	4.321110e+00
6.570250234560723e-03	4.320633e+00
6.622191640810723e-03	4.320155e+00
6.674133047060722e-03	4.319678e+00
6.829957265810721e-03	4.318246e+00
7.089664297060721e-03	4.315860e+00
7.349371328310721e-03	4.313476e+00
7.609078359560721e-03	4.311093e+00
7.868785390810720e-03	4.308712e+00
8.128492422060721e-03	4.306331e+00
8.388199453310721e-03	4.303953e+00
8.647906484560720e-03	4.301575e+00
8.803730703310721e-03	4.300149e+00
8.959554922060723e-03	4.298724e+00
9.115379140810724e-03	4.297299e+00
9.271203359560725e-03	4.295874e+00
9.427027578310727e-03	4.294450e+00
9.582851797060728e-03	4.293027e+00
9.738676015810729e-03	4.291604e+00
9.998383047060732e-03	4.289233e+00
1.008742545777502e-02	4.288420e+00
1.017646786848930e-02	4.287608e+00
1.026551027920359e-02	4.286795e+00
1.035455268991788e-02	4.285983e+00
1.044359510063216e-02	4.285171e+00
1.053263751134645e-02	4.284360e+00
1.062167992206074e-02	4.283548e+00
1.082202534616788e-02	4.281722e+00
1.102237077027503e-02	4.279898e+00
1.122271619438217e-02	4.278074e+00
1.142306161848932e-02	4.276251e+00
1.162340704259646e-02	4.274428e+00
1.182375246670360e-02	4.272606e+00
1.202409789081075e-02	4.270785e+00
1.235058673009647e-02	4.267820e+00
1.267707556938218e-02	4.264856e+00
1.300356440866790e-02	4.261894e+00
1.333005324795362e-02	4.258935e+00
1.365654208723933e-02	4.255977e+00
1.398303092652505e-02	4.253022e+00
1.430951976581077e-02	4.250068e+00
1.473989141759648e-02	4.246178e+00
1.517026306938219e-02	4.242292e+00
1.560063472116790e-02	4.238409e+00
1.603100637295361e-02	4.234530e+00
1.646137802473932e-02	4.230654e+00
1.689174967652503e-02	4.226782e+00
1.732212132831074e-02	4.222913e+00
1.755956775688216e-02	4.220780e+00
1.779701418545358e-02	4.218649e+00
1.803446061402501e-02	4.216518e+00
1.827190704259643e-02	4.214388e+00
1.850935347116785e-02	4.212260e+00
1.874679989973927e-02	4.210132e+00
1.898424632831070e-02	4.208006e+00
1.911038974348927e-02	4.206877e+00
1.923653315866784e-02	4.205748e+00
1.936267657384640e-02	4.204620e+00
1.948881998902497e-02	4.203491e+00
1.961496340420354e-02	4.202363e+00
1.974110681938211e-02	4.201235e+00
1.986725023456068e-02	4.200108e+00
1.992661184170353e-02	4.199577e+00
1.998597344884639e-02	4.199047e+00
2.004533505598924e-02	4.198517e+00
2.010469666313210e-02	4.197987e+00
2.016405827027495e-02	4.197456e+00
2.022341987741781e-02	4.196926e+00
2.028278148456067e-02	4.196396e+00
2.044602590420352e-02	4.194939e+00
2.060927032384637e-02	4.193482e+00
2.077251474348922e-02	4.192026e+00
2.093575916313208e-02	4.190570e+00
2.109900358277493e-02	4.189115e+00
2.126224800241779e-02	4.187660e+00
2.142549242206064e-02	4.186206e+00
2.166293885063206e-02	4.184092e+00
2.190038527920348e-02	4.181978e+00
2.213783170777490e-02	4.179866e+00
2.237527813634633e-02	4.177755e+00
2.261272456491775e-02	4.175645e+00
2.285017099348917e-02	4.173536e+00
2.308761742206060e-02	4.171428e+00
2.313955882831059e-02	4.170967e+00
2.319150023456059e-02	4.170506e+00
2.324344164081059e-02	4.170045e+00
2.329538304706059e-02	4.169585e+00
2.334732445331059e-02	4.169124e+00
2.339926585956059e-02	4.168663e+00
2.345120726581059e-02	4.168203e+00
2.350314867206059e-02	4.167743e+00
2.355509007831058e-02	4.167284e+00
2.360703148456058e-02	4.166827e+00
2.365897289081058e-02	4.166374e+00
2.369842186811226e-02	4.166034e+00
2.374101298608419e-02	4.165677e+00
2.378229120882624e-02	4.165344e+00
2.382509899245448e-02	4.165025e+00
2.386917460388770e-02	4.164741e+00
2.391504334662966e-02	4.164527e+00
2.396315609341088e-02	4.164449e+00
2.401414558705979e-02	4.164629e+00
2.406608699330979e-02	4.165242e+00
2.411802839955979e-02	4.166513e+00
2.416996980580979e-02	4.168719e+00
2.422191121205979e-02	4.172151e+00
2.427385261830978e-02	4.177051e+00
2.432579402455978e-02	4.183539e+00
2.437773543080978e-02	4.191563e+00
2.442967683705978e-02	4.200895e+00
2.448161824330978e-02	4.211187e+00
2.453355964955978e-02	4.222042e+00
2.458550105580978e-02	4.233086e+00
2.463744246205977e-02	4.244003e+00
2.468938386830977e-02	4.254548e+00
2.474132527455977e-02	4.264540e+00
2.479326668080977e-02	4.273856e+00
2.500103230580977e-02	4.303303e+00
2.505297371205976e-02	4.308666e+00
2.510491511830976e-02	4.313272e+00
2.515685652455976e-02	4.317161e+00
2.520879793080976e-02	4.320382e+00
2.526073933705976e-02	4.322989e+00
2.531268074330976e-02	4.325045e+00
2.536462214955976e-02	4.326610e+00
2.541656355580976e-02	4.327748e+00
2.546850496205975e-02	4.328524e+00
2.552044636830975e-02	4.328998e+00
2.557238777455975e-02	4.329226e+00
2.562432918080975e-02	4.329260e+00
2.567627058705975e-02	4.329144e+00
2.572821199330975e-02	4.328915e+00
2.578015339955975e-02	4.328605e+00
2.583209480580975e-02	4.328236e+00
2.588403621205974e-02	4.327827e+00
2.593597761830974e-02	4.327393e+00
2.598473288467434e-02	4.326969e+00
2.602928648358101e-02	4.326573e+00
2.607149357281991e-02	4.326193e+00
2.611251809786765e-02	4.325820e+00
2.615457373558607e-02	4.325436e+00
2.620426504596485e-02	4.324981e+00
2.625620645221485e-02	4.324504e+00
2.630814785846485e-02	4.324027e+00
2.636008926471485e-02	4.323549e+00
2.641203067096485e-02	4.323072e+00
2.646397207721484e-02	4.322594e+00
2.651591348346484e-02	4.322116e+00
2.656785488971484e-02	4.321639e+00
2.661979629596484e-02	4.321161e+00
2.667173770221484e-02	4.320683e+00
2.682756192096484e-02	4.319252e+00
2.708726895221483e-02	4.316865e+00
2.734697598346482e-02	4.314481e+00
2.760668301471482e-02	4.312097e+00
2.786639004596481e-02	4.309715e+00
2.812609707721480e-02	4.307334e+00
2.838580410846480e-02	4.304955e+00
2.864551113971479e-02	4.302577e+00
2.880133535846479e-02	4.301150e+00
2.895715957721478e-02	4.299725e+00
2.911298379596478e-02	4.298299e+00
2.926880801471477e-02	4.296875e+00
2.942463223346477e-02	4.295450e+00
2.958045645221477e-02	4.294026e+00
2.973628067096476e-02	4.292603e+00
2.999598770221476e-02	4.290231e+00
3.007760991203618e-02	4.289486e+00
3.015923212185761e-02	4.288741e+00
3.024085433167904e-02	4.287997e+00
3.032247654150046e-02	4.287252e+00
3.040409875132189e-02	4.286508e+00
3.048572096114332e-02	4.285763e+00
3.056734317096474e-02	4.285019e+00
3.076768859507188e-02	4.283193e+00
3.096803401917902e-02	4.281367e+00
3.116837944328616e-02	4.279543e+00
3.136872486739330e-02	4.277719e+00
3.156907029150043e-02	4.275896e+00
3.176941571560758e-02	4.274073e+00
3.196976113971471e-02	4.272252e+00
3.228882977810756e-02	4.269352e+00
3.260789841650041e-02	4.266455e+00
3.292696705489326e-02	4.263560e+00
3.324603569328611e-02	4.260666e+00
3.356510433167896e-02	4.257775e+00
3.388417297007180e-02	4.254885e+00
3.420324160846466e-02	4.251997e+00
3.464845366203607e-02	4.247972e+00
3.509366571560749e-02	4.243950e+00
3.553887776917891e-02	4.239932e+00
3.598408982275032e-02	4.235917e+00
3.642930187632174e-02	4.231907e+00
3.687451392989316e-02	4.227900e+00
3.731972598346458e-02	4.223897e+00
3.755717241203600e-02	4.221763e+00
3.779461884060743e-02	4.219631e+00
3.803206526917885e-02	4.217500e+00
3.826951169775027e-02	4.215370e+00
3.850695812632169e-02	4.213241e+00
3.874440455489311e-02	4.211113e+00
3.898185098346454e-02	4.208986e+00
3.910799439864310e-02	4.207856e+00
3.923413781382167e-02	4.206727e+00
3.936028122900024e-02	4.205598e+00
3.948642464417881e-02	4.204470e+00
3.961256805935738e-02	4.203341e+00
3.973871147453595e-02	4.202213e+00
3.986485488971452e-02	4.201086e+00
3.992421649685737e-02	4.200555e+00
3.998357810400022e-02	4.200024e+00
4.004293971114308e-02	4.199494e+00
4.010230131828594e-02	4.198964e+00
4.016166292542880e-02	4.198433e+00
4.022102453257165e-02	4.197903e+00
4.028038613971451e-02	4.197373e+00
4.044363055935736e-02	4.195916e+00
4.060687497900021e-02	4.194459e+00
4.077011939864306e-02	4.193002e+00
4.093336381828592e-02	4.191546e+00
4.109660823792877e-02	4.190090e+00
4.125985265757162e-02	4.188635e+00
4.142309707721448e-02	4.187181e+00
4.166054350578590e-02	4.185066e+00
4.189798993435732e-02	4.182952e+00
4.213543636292875e-02	4.180839e+00
4.237288279150016e-02	4.178728e+00
4.261032922007159e-02	4.176617e+00
4.284777564864301e-02	4.174508e+00
4.308522207721444e-02	4.172400e+00
4.313716348346443e-02	4.171938e+00
4.318910488971443e-02	4.171477e+00
4.324104629596443e-02	4.171016e+00
4.329298770221443e-02	4.170555e+00
4.334492910846443e-02	4.170094e+00
4.339687051471443e-02	4.169634e+00
4.344881192096443e-02	4.169173e+00
4.350075332721443e-02	4.168714e+00
4.355269473346442e-02	4.168254e+00
4.360463613971442e-02	4.167797e+00
4.365657754596442e-02	4.167343e+00
4.370341188823077e-02	4.166940e+00
4.374703227568293e-02	4.166575e+00
4.378899536470112e-02	4.166239e+00
4.383233319141180e-02	4.165920e+00
4.387667296242409e-02	4.165642e+00
4.392293998356097e-02	4.165441e+00
4.397145234495946e-02	4.165388e+00
4.402300438992882e-02	4.165614e+00
4.407494579617881e-02	4.166298e+00
4.412688720242881e-02	4.167673e+00
4.417882860867881e-02	4.170018e+00
4.423077001492881e-02	4.173618e+00
4.433465282742881e-02	4.185370e+00
4.438659423367881e-02	4.193542e+00
4.443853563992881e-02	4.202977e+00
4.449047704617880e-02	4.213315e+00
4.454241845242880e-02	4.224164e+00
4.459435985867880e-02	4.235154e+00
4.464630126492880e-02	4.245983e+00
4.469824267117880e-02	4.256413e+00
4.475018407742880e-02	4.266273e+00
4.480212548367880e-02	4.275449e+00
4.500989110867879e-02	4.304312e+00
4.506183251492879e-02	4.309539e+00
4.511377392117879e-02	4.314016e+00
4.516571532742879e-02	4.317784e+00
4.521765673367879e-02	4.320894e+00
4.526959813992879e-02	4.323402e+00
4.532153954617878e-02	4.325368e+00
4.537348095242878e-02	4.326855e+00
4.542542235867878e-02	4.327926e+00
4.547736376492878e-02	4.328646e+00
4.552930517117878e-02	4.329073e+00
4.558124657742878e-02	4.329264e+00
4.563318798367878e-02	4.329269e+00
4.568512938992877e-02	4.329132e+00
4.573707079617877e-02	4.328887e+00
4.578901220242877e-02	4.328565e+00
4.584095360867877e-02	4.328188e+00
4.589289501492877e-02	4.327774e+00
4.594483642117877e-02	4.327336e+00
4.599255608775264e-02	4.326920e+00
4.603671248800952e-02	4.326526e+00
4.607852077533393e-02	4.326149e+00
4.611854152296396e-02	4.325785e+00
4.616152071243842e-02	4.325392e+00
4.620711981774039e-02	4.324974e+00
4.625906122399039e-02	4.324498e+00
4.631100263024039e-02	4.324020e+00
4.636294403649039e-02	4.323543e+00
4.641488544274039e-02	4.323065e+00
4.646682684899039e-02	4.322587e+00
4.651876825524039e-02	4.322110e+00
4.657070966149039e-02	4.321632e+00
4.662265106774038e-02	4.321155e+00
4.667459247399038e-02	4.320677e+00
4.683041669274038e-02	4.319245e+00
4.709012372399037e-02	4.316859e+00
4.734983075524037e-02	4.314474e+00
4.760953778649036e-02	4.312090e+00
4.786924481774035e-02	4.309708e+00
4.812895184899035e-02	4.307328e+00
4.838865888024034e-02	4.304948e+00
4.864836591149033e-02	4.302570e+00
4.880419013024033e-02	4.301143e+00
4.896001434899033e-02	4.299718e+00
4.911583856774032e-02	4.298292e+00
4.927166278649032e-02	4.296867e+00
4.942748700524031e-02	4.295443e+00
4.958331122399031e-02	4.294019e+00
4.973913544274031e-02	4.292596e+00
4.999884247399030e-02	4.290225e+00
5.008788488470459e-02	4.289412e+00
5.017692729541887e-02	4.288599e+00
5.026596970613315e-02	4.287787e+00
5.035501211684743e-02	4.286975e+00
5.044405452756172e-02	4.286162e+00
5.053309693827600e-02	4.285351e+00
5.062213934899028e-02	4.284539e+00
5.098572919274028e-02	4.281225e+00
5.122317562131170e-02	4.279063e+00
5.146062204988312e-02	4.276902e+00
5.169806847845455e-02	4.274741e+00
5.193551490702596e-02	4.272582e+00
5.217296133559739e-02	4.270424e+00
5.241040776416881e-02	4.268267e+00
5.264785419274023e-02	4.266111e+00
5.271463600077594e-02	4.265505e+00
5.278141780881166e-02	4.264899e+00
5.284819961684737e-02	4.264293e+00
5.291498142488309e-02	4.263687e+00
5.298176323291880e-02	4.263082e+00
5.304854504095451e-02	4.262476e+00
5.311532684899022e-02	4.261870e+00
5.316726825524022e-02	4.261400e+00
5.318800000000000e-02	4.261211e+00
