time	V(n002)
0.000000000000000e+00	0.000000e+00
1.785714281205791e-08	2.333945e-05
3.571428562411583e-08	4.370683e-05
5.357142843617374e-08	6.110216e-05
7.142857124823165e-08	7.552542e-05
8.928571406028956e-08	8.697661e-05
1.071428568723475e-07	9.545575e-05
1.249999996844053e-07	1.009628e-04
2.017130446633477e-07	1.227356e-04
4.052109274632836e-07	1.374449e-04
5.624786042458591e-06	1.413130e-04
1.084436115745390e-05	1.465252e-04
1.606393627244921e-05	1.530815e-04
2.128351138744452e-05	1.609819e-04
2.650308650243982e-05	1.702264e-04
3.172266161743513e-05	1.808150e-04
3.694223673243042e-05	1.927478e-04
7.360518503508496e-05	3.849745e-04
1.076564269461564e-04	8.818922e-04
1.357178788941213e-04	1.928372e-03
1.598940506051112e-04	3.935006e-03
1.831522252874750e-04	7.749228e-03
2.075209378359933e-04	1.479657e-02
2.328418994594966e-04	2.659193e-02
2.652565246252317e-04	4.897672e-02
3.140846496252317e-04	9.352437e-02
3.629127746252316e-04	1.467834e-01
4.117408996252316e-04	2.061689e-01
4.605690246252316e-04	2.692566e-01
5.582252746252317e-04	4.018526e-01
6.419306317680890e-04	5.203609e-01
7.256359889109462e-04	6.391109e-01
8.093413460538034e-04	7.581025e-01
8.930467031966606e-04	8.773358e-01
9.767520603395179e-04	9.968107e-01
1.060457417482375e-03	1.116527e+00
1.144162774625232e-03	1.236485e+00
1.346450721053804e-03	1.524164e+00
1.548738667482375e-03	1.801754e+00
1.751026613910946e-03	2.069256e+00
1.953314560339517e-03	2.326668e+00
2.155602506768089e-03	2.573992e+00
2.357890453196660e-03	2.811226e+00
2.560178399625231e-03	3.038372e+00
2.929877060339515e-03	3.418765e+00
3.299575721053800e-03	3.737872e+00
3.669274381768084e-03	3.995694e+00
4.038973042482369e-03	4.192230e+00
4.408671703196653e-03	4.327480e+00
4.778370363910938e-03	4.401445e+00
5.148069024625222e-03	4.414124e+00
5.496841346053792e-03	4.353052e+00
5.845613667482362e-03	4.238985e+00
6.194385988910932e-03	4.071924e+00
6.543158310339503e-03	3.851869e+00
6.891930631768073e-03	3.578820e+00
7.240702953196644e-03	3.252777e+00
7.589475274625213e-03	2.873740e+00
7.784787774625216e-03	2.645173e+00
7.980100274625219e-03	2.407967e+00
8.175412774625220e-03	2.162123e+00
8.370725274625223e-03	1.907641e+00
8.566037774625225e-03	1.644520e+00
8.761350274625226e-03	1.372760e+00
8.956662774625229e-03	1.092362e+00
9.026417238910945e-03	9.919427e-01
9.096171703196659e-03	8.918287e-01
9.165926167482375e-03	7.920203e-01
9.235680631768091e-03	6.925173e-01
9.305435096053806e-03	5.933199e-01
9.375189560339520e-03	4.944280e-01
9.444944024625236e-03	3.958417e-01
9.542600274625238e-03	2.628483e-01
9.591428399625238e-03	1.993841e-01
9.640256524625239e-03	1.396303e-01
9.689084649625240e-03	8.625405e-02
9.737912774625240e-03	4.261002e-02
9.774462723046939e-03	2.040106e-02
9.816436909563169e-03	6.070078e-03
9.834492502459822e-03	2.900986e-03
9.848254535352359e-03	1.774743e-03
9.867302673648966e-03	8.812736e-04
9.883749449853122e-03	4.278449e-04
9.901260475632574e-03	1.695108e-04
9.921266495755025e-03	1.148807e-05
9.942178191034115e-03	-7.088130e-05
9.966260244013625e-03	-1.143692e-04
9.991980231959616e-03	-1.324161e-04
1.007546325579695e-02	-1.407898e-04
1.020102129151124e-02	-1.333997e-04
1.032657932722553e-02	-1.266650e-04
1.045213736293982e-02	-1.205856e-04
1.057769539865410e-02	-1.151616e-04
1.070325343436839e-02	-1.103929e-04
1.082881147008268e-02	-1.062796e-04
1.095436950579697e-02	-1.028216e-04
1.119153468436840e-02	-9.654794e-05
1.142869986293983e-02	-9.049688e-05
1.166586504151126e-02	-8.466840e-05
1.190303022008270e-02	-7.906250e-05
1.214019539865413e-02	-7.367919e-05
1.237736057722556e-02	-6.851845e-05
1.261452575579699e-02	-6.358030e-05
1.304002798793985e-02	-5.443661e-05
1.346553022008272e-02	-4.527057e-05
1.389103245222558e-02	-3.608218e-05
1.431653468436844e-02	-2.687146e-05
1.474203691651131e-02	-1.763838e-05
1.516753914865417e-02	-8.382966e-06
1.559304138079703e-02	8.947954e-07
1.592786280936847e-02	8.119053e-06
1.626268423793990e-02	1.534989e-05
1.659750566651133e-02	2.258729e-05
1.693232709508277e-02	2.983127e-05
1.726714852365420e-02	3.708183e-05
1.760196995222563e-02	4.433896e-05
1.793679138079706e-02	5.160266e-05
1.813907932722564e-02	5.586453e-05
1.834136727365421e-02	6.047306e-05
1.854365522008279e-02	6.542827e-05
1.874594316651136e-02	7.073014e-05
1.894823111293994e-02	7.637869e-05
1.915051905936851e-02	8.237391e-05
1.935280700579708e-02	8.871579e-05
1.943651236293994e-02	9.105822e-05
1.952021772008280e-02	9.422407e-05
1.960392307722566e-02	9.821335e-05
1.968762843436852e-02	1.030261e-04
1.977133379151138e-02	1.086622e-04
1.985503914865424e-02	1.151218e-04
1.993874450579709e-02	1.224047e-04
1.998757263079709e-02	1.406753e-04
2.003640075579709e-02	2.213068e-04
2.008522888079710e-02	5.354646e-04
2.011993141726306e-02	1.249031e-03
2.014639399353445e-02	2.636729e-03
2.016956929566536e-02	5.289795e-03
2.019524321925904e-02	1.081730e-02
2.021908445639339e-02	1.954029e-02
2.024698119734634e-02	3.546410e-02
2.028704637779914e-02	6.742503e-02
2.033587450279914e-02	1.163148e-01
2.038470262779914e-02	1.726633e-01
2.043353075279914e-02	2.338743e-01
2.048235887779914e-02	2.981950e-01
2.058001512779914e-02	4.321579e-01
2.067069593137057e-02	5.611864e-01
2.076137673494200e-02	6.902612e-01
2.085205753851343e-02	8.193823e-01
2.094273834208486e-02	9.485497e-01
2.103341914565629e-02	1.077763e+00
2.112409994922772e-02	1.207024e+00
2.121478075279915e-02	1.336330e+00
2.143101959208487e-02	1.641681e+00
2.164725843137058e-02	1.934663e+00
2.186349727065630e-02	2.215275e+00
2.207973610994202e-02	2.483517e+00
2.229597494922773e-02	2.739390e+00
2.251221378851345e-02	2.982894e+00
2.272845262779917e-02	3.214027e+00
2.314000396708489e-02	3.607935e+00
2.355155530637061e-02	3.923638e+00
2.396310664565633e-02	4.161137e+00
2.437465798494205e-02	4.320430e+00
2.478620932422777e-02	4.401518e+00
2.519776066351349e-02	4.404402e+00
2.560931200279921e-02	4.329081e+00
2.592320709208493e-02	4.206960e+00
2.623710218137065e-02	4.044270e+00
2.655099727065637e-02	3.841010e+00
2.686489235994209e-02	3.597180e+00
2.717878744922780e-02	3.312781e+00
2.749268253851352e-02	2.987811e+00
2.780657762779924e-02	2.622272e+00
2.798096378851353e-02	2.407673e+00
2.815534994922782e-02	2.186943e+00
2.832973610994211e-02	1.960082e+00
2.850412227065640e-02	1.727090e+00
2.867850843137068e-02	1.487967e+00
2.885289459208497e-02	1.242713e+00
2.902728075279926e-02	9.913280e-01
2.909005977065640e-02	9.007299e-01
2.915283878851355e-02	8.105385e-01
2.921561780637069e-02	7.207538e-01
2.927839682422783e-02	6.313758e-01
2.934117584208498e-02	5.424044e-01
2.940395485994212e-02	4.538397e-01
2.946673387779927e-02	3.656817e-01
2.951556200279927e-02	2.990314e-01
2.956439012779927e-02	2.341824e-01
2.961321825279927e-02	1.721660e-01
2.966204637779927e-02	1.148487e-01
2.971087450279927e-02	6.563219e-02
2.975970262779927e-02	2.806682e-02
2.979191999869963e-02	1.283971e-02
2.982978013196422e-02	3.670178e-03
2.984142280664946e-02	2.219218e-03
2.985649186593602e-02	1.316636e-03
2.987487073234938e-02	6.491245e-04
2.989327013146285e-02	2.723894e-04
2.991187689616250e-02	7.348831e-05
2.993372166849224e-02	-4.308904e-05
2.995692475049279e-02	-1.008293e-04
2.998466741105168e-02	-1.292172e-04
3.005076895639724e-02	-1.413867e-04
3.016935154568295e-02	-1.346223e-04
3.028793413496867e-02	-1.283807e-04
3.040651672425439e-02	-1.226618e-04
3.052509931354010e-02	-1.174657e-04
3.064368190282582e-02	-1.127923e-04
3.076226449211153e-02	-1.086417e-04
3.088084708139725e-02	-1.050139e-04
3.111103681354010e-02	-9.872336e-05
3.134122654568294e-02	-9.268259e-05
3.157141627782580e-02	-8.689156e-05
3.180160600996864e-02	-8.135027e-05
3.203179574211149e-02	-7.605872e-05
3.226198547425434e-02	-7.101691e-05
3.249217520639718e-02	-6.622483e-05
3.288977565282573e-02	-5.768312e-05
3.328737609925428e-02	-4.912146e-05
3.368497654568283e-02	-4.053985e-05
3.408257699211138e-02	-3.193829e-05
3.448017743853993e-02	-2.331679e-05
3.487777788496848e-02	-1.467534e-05
3.527537833139702e-02	-6.013950e-06
3.563112609925415e-02	1.698254e-06
3.598687386711127e-02	9.403760e-06
3.634262163496839e-02	1.710257e-05
3.669836940282552e-02	2.479468e-05
3.705411717068264e-02	3.248009e-05
3.740986493853976e-02	4.015881e-05
3.776561270639688e-02	4.783082e-05
3.798185154568259e-02	5.234456e-05
3.819809038496828e-02	5.717870e-05
3.841432922425399e-02	6.233324e-05
3.863056806353969e-02	6.780819e-05
3.884680690282540e-02	7.360355e-05
3.906304574211109e-02	7.971931e-05
3.927928458139680e-02	8.615548e-05
3.937694083139679e-02	8.802962e-05
3.947459708139679e-02	9.129922e-05
3.957225333139678e-02	9.596428e-05
3.966990958139677e-02	1.020248e-04
3.976756583139677e-02	1.094808e-04
3.986522208139676e-02	1.183322e-04
3.996287833139676e-02	1.285791e-04
4.001170645639675e-02	1.654142e-04
4.006053458139675e-02	3.444695e-04
4.010936270639675e-02	9.900553e-04
4.013916956418748e-02	2.159131e-03
4.016353241833611e-02	4.387611e-03
4.018672258167665e-02	8.555545e-03
4.021122508502019e-02	1.621743e-02
4.023714189626848e-02	2.910673e-02
4.027143033406658e-02	5.391135e-02
4.032025845906657e-02	9.979721e-02
4.036908658406657e-02	1.540204e-01
4.041791470906657e-02	2.139865e-01
4.046674283406657e-02	2.774375e-01
4.056439908406656e-02	4.104189e-01
4.064810444120941e-02	5.290526e-01
4.073180979835227e-02	6.478950e-01
4.081551515549512e-02	7.669461e-01
4.089922051263797e-02	8.862059e-01
4.098292586978082e-02	1.005674e+00
4.106663122692367e-02	1.125352e+00
4.115033658406653e-02	1.245238e+00
4.135959997692366e-02	1.542749e+00
4.156886336978079e-02	1.829264e+00
4.177812676263792e-02	2.104782e+00
4.198739015549505e-02	2.369303e+00
4.219665354835218e-02	2.622828e+00
4.240591694120931e-02	2.865356e+00
4.261518033406644e-02	3.096887e+00
4.299882988763785e-02	3.482852e+00
4.338247944120926e-02	3.802091e+00
4.376612899478066e-02	4.054605e+00
4.414977854835207e-02	4.240393e+00
4.453342810192348e-02	4.359456e+00
4.491707765549489e-02	4.411793e+00
4.530072720906629e-02	4.397404e+00
4.563554863763770e-02	4.315132e+00
4.597037006620911e-02	4.184762e+00
4.630519149478052e-02	4.006293e+00
4.664001292335193e-02	3.779727e+00
4.697483435192334e-02	3.505062e+00
4.730965578049475e-02	3.182300e+00
4.764447720906616e-02	2.811439e+00
4.798627408406614e-02	2.403406e+00
4.814670935192327e-02	2.198477e+00
4.830714461978040e-02	1.989011e+00
4.846757988763754e-02	1.775009e+00
4.862801515549468e-02	1.556471e+00
4.878845042335181e-02	1.333396e+00
4.894888569120894e-02	1.105785e+00
4.910932095906607e-02	8.736373e-01
4.916512453049465e-02	7.929870e-01
4.922092810192321e-02	7.128653e-01
4.927673167335178e-02	6.332721e-01
4.933253524478035e-02	5.542076e-01
4.938833881620892e-02	4.756716e-01
4.944414238763748e-02	3.976641e-01
4.949994595906605e-02	3.201853e-01
4.954877408406605e-02	2.546771e-01
4.959760220906605e-02	1.915812e-01
4.964643033406604e-02	1.324427e-01
4.969525845906604e-02	8.015425e-02
4.974408658406604e-02	3.808158e-02
4.977877902757797e-02	1.822039e-02
4.981927478431811e-02	5.386025e-03
4.983447691190583e-02	2.867127e-03
4.984826226301481e-02	1.773122e-03
4.986705353804873e-02	8.871391e-04
4.988321969616032e-02	4.377383e-04
4.990083797022395e-02	1.744310e-04
4.992077674757402e-02	1.417644e-05
4.994163895381057e-02	-6.940879e-05
4.996570254865199e-02	-1.137090e-04
4.999136892008230e-02	-1.362458e-04
5.000000000000000e-02	-1.392015e-04
