time	V(n002)
0.000000000000000e+00	0.000000e+00
5.194140673125958e-10	1.534128e-12
1.038828134625192e-09	3.069426e-12
8.471980045401554e-06	2.474966e-08
1.694292126266848e-05	5.252172e-08
2.541386247993541e-05	8.331924e-08
3.388480369720234e-05	1.171422e-07
4.235574491446927e-05	1.539907e-07
5.082668613173620e-05	1.938646e-07
5.929762734900311e-05	2.367640e-07
8.232304361431636e-05	3.986756e-07
1.024662683837750e-04	6.295147e-07
1.206431380366156e-04	9.820525e-07
1.377545970840589e-04	1.563359e-06
1.559864236152340e-04	2.646329e-06
1.725168074173656e-04	4.385589e-06
1.893949912040393e-04	7.502198e-06
2.053529210232305e-04	1.265148e-05
2.214933652631012e-04	2.168113e-05
2.371876567763329e-04	3.685406e-05
2.530037506011782e-04	6.316756e-05
2.686118530857536e-04	1.077812e-04
2.843086530774259e-04	1.846935e-04
2.999231100376308e-04	3.156940e-04
3.156213572038198e-04	5.407761e-04
3.313307356968729e-04	9.249620e-04
3.471735748346933e-04	1.583609e-03
3.631705773717518e-04	2.708487e-03
3.794946577325322e-04	4.633821e-03
3.963504212978402e-04	7.925665e-03
4.142011513069251e-04	1.358211e-02
4.338532649387882e-04	2.339636e-02
4.574016287148526e-04	4.060649e-02
4.807082779728890e-04	6.344725e-02
5.062192821815539e-04	9.418368e-02
5.363742358455891e-04	1.354764e-01
5.753292032591831e-04	1.927185e-01
6.201382734281484e-04	2.606848e-01
6.650119570946031e-04	3.294733e-01
8.208361758446031e-04	5.692434e-01
9.766603945946034e-04	8.047089e-01
1.132484613344603e-03	1.035870e+00
1.288308832094603e-03	1.262726e+00
1.444133050844603e-03	1.485278e+00
1.599957269594604e-03	1.703525e+00
1.755781488344603e-03	1.917467e+00
2.015488519594604e-03	2.262413e+00
2.275195550844604e-03	2.583419e+00
2.534902582094604e-03	2.880487e+00
2.794609613344604e-03	3.153615e+00
3.054316644594604e-03	3.402805e+00
3.314023675844604e-03	3.628055e+00
3.573730707094604e-03	3.829367e+00
3.707294323166032e-03	3.919712e+00
3.840857939237460e-03	4.002161e+00
3.974421555308887e-03	4.076716e+00
4.107985171380315e-03	4.143376e+00
4.241548787451743e-03	4.202141e+00
4.375112403523171e-03	4.253010e+00
4.508676019594599e-03	4.295985e+00
4.575457827630313e-03	4.314444e+00
4.642239635666026e-03	4.331056e+00
4.709021443701740e-03	4.345821e+00
4.775803251737454e-03	4.358739e+00
4.842585059773168e-03	4.369811e+00
4.909366867808881e-03	4.379037e+00
4.976148675844595e-03	4.386415e+00
5.028090082094595e-03	4.391073e+00
5.080031488344594e-03	4.394753e+00
5.131972894594594e-03	4.397492e+00
5.183914300844594e-03	4.399334e+00
5.235855707094593e-03	4.400326e+00
5.287797113344593e-03	4.400519e+00
5.339738519594592e-03	4.399971e+00
5.391679925844592e-03	4.398743e+00
5.443621332094591e-03	4.396897e+00
5.495562738344591e-03	4.394500e+00
5.547504144594591e-03	4.391620e+00
5.599445550844590e-03	4.388324e+00
5.651386957094590e-03	4.384676e+00
5.703328363344589e-03	4.380740e+00
5.755269769594589e-03	4.376571e+00
5.807211175844589e-03	4.372220e+00
5.859152582094588e-03	4.367731e+00
5.911093988344588e-03	4.363140e+00
5.963035394594587e-03	4.358477e+00
6.014976800844587e-03	4.353765e+00
6.066918207094586e-03	4.349020e+00
6.118859613344586e-03	4.344257e+00
6.170801019594586e-03	4.339483e+00
6.222742425844585e-03	4.334703e+00
6.274683832094585e-03	4.329924e+00
6.326625238344584e-03	4.325146e+00
6.378566644594584e-03	4.320371e+00
6.430508050844583e-03	4.315600e+00
6.482449457094583e-03	4.310834e+00
6.534390863344583e-03	4.306073e+00
6.586332269594582e-03	4.301317e+00
6.638273675844582e-03	4.296566e+00
6.690215082094581e-03	4.291820e+00
6.794097894594581e-03	4.282344e+00
7.061225126737437e-03	4.258076e+00
7.328352358880295e-03	4.233943e+00
7.595479591023152e-03	4.209946e+00
7.862606823166009e-03	4.186084e+00
8.129734055308866e-03	4.162358e+00
8.396861287451724e-03	4.138768e+00
8.663988519594580e-03	4.115313e+00
8.819812738344581e-03	4.101691e+00
8.975636957094583e-03	4.088115e+00
9.131461175844584e-03	4.074583e+00
9.287285394594585e-03	4.061096e+00
9.443109613344587e-03	4.047654e+00
9.598933832094588e-03	4.034256e+00
9.754758050844589e-03	4.020903e+00
9.836380260666019e-03	4.013926e+00
9.918002470487448e-03	4.006961e+00
9.999624680308877e-03	4.000008e+00
1.008124689013031e-02	3.993068e+00
1.016286909995174e-02	3.986139e+00
1.024449130977317e-02	3.979222e+00
1.032611351959459e-02	3.972318e+00
1.049677814013031e-02	3.957920e+00
1.066744276066603e-02	3.943574e+00
1.083810738120174e-02	3.929280e+00
1.100877200173746e-02	3.915037e+00
1.117943662227317e-02	3.900846e+00
1.135010124280889e-02	3.886707e+00
1.152076586334460e-02	3.872620e+00
1.180273349727318e-02	3.849458e+00
1.208470113120175e-02	3.826432e+00
1.236666876513033e-02	3.803543e+00
1.264863639905890e-02	3.780791e+00
1.293060403298747e-02	3.758175e+00
1.321257166691605e-02	3.735696e+00
1.349453930084462e-02	3.713354e+00
1.402137356423748e-02	3.671974e+00
1.454820782763033e-02	3.631044e+00
1.507504209102319e-02	3.590562e+00
1.560187635441604e-02	3.550530e+00
1.612871061780889e-02	3.510946e+00
1.665554488120175e-02	3.471810e+00
1.718237914459460e-02	3.433124e+00
1.742724577405888e-02	3.415286e+00
1.767211240352316e-02	3.397539e+00
1.791697903298744e-02	3.379883e+00
1.816184566245172e-02	3.362319e+00
1.840671229191600e-02	3.344847e+00
1.865157892138028e-02	3.327466e+00
1.889644555084456e-02	3.310177e+00
1.903000916691599e-02	3.300784e+00
1.916357278298741e-02	3.291417e+00
1.929713639905883e-02	3.282077e+00
1.943070001513026e-02	3.272763e+00
1.956426363120169e-02	3.263476e+00
1.969782724727311e-02	3.254216e+00
1.983139086334454e-02	3.244981e+00
1.989075247048739e-02	3.240885e+00
1.995011407763025e-02	3.236795e+00
2.000947568477310e-02	3.232709e+00
2.006883729191596e-02	3.228629e+00
2.012819889905881e-02	3.224554e+00
2.018756050620167e-02	3.220484e+00
2.024692211334453e-02	3.216419e+00
2.040274633209452e-02	3.205773e+00
2.055857055084452e-02	3.195163e+00
2.071439476959451e-02	3.184587e+00
2.087021898834451e-02	3.174046e+00
2.102604320709451e-02	3.163541e+00
2.118186742584450e-02	3.153070e+00
2.133769164459450e-02	3.142634e+00
2.144157445709450e-02	3.135696e+00
2.154545726959449e-02	3.128773e+00
2.164934008209449e-02	3.121865e+00
2.175322289459449e-02	3.114973e+00
2.185710570709449e-02	3.108096e+00
2.196098851959448e-02	3.101234e+00
2.206487133209448e-02	3.094387e+00
2.211681273834448e-02	3.090970e+00
2.216875414459448e-02	3.087556e+00
2.222069555084448e-02	3.084146e+00
2.227263695709448e-02	3.080740e+00
2.232457836334447e-02	3.077342e+00
2.237651976959447e-02	3.073957e+00
2.241129219863420e-02	3.071707e+00
2.243961587068757e-02	3.069897e+00
2.246060455453002e-02	3.068586e+00
2.248343716805110e-02	3.067211e+00
2.250446754413469e-02	3.066025e+00
2.252599106407666e-02	3.064950e+00
2.254755936841923e-02	3.064112e+00
2.256958640839235e-02	3.063673e+00
2.259238439797956e-02	3.063956e+00
2.261656778473815e-02	3.065602e+00
2.264358041463423e-02	3.070094e+00
2.267795012729534e-02	3.080764e+00
2.271014570250157e-02	3.096495e+00
2.274261628499522e-02	3.118196e+00
2.277719845411473e-02	3.146312e+00
2.282441922245087e-02	3.189159e+00
2.287636062870087e-02	3.238597e+00
2.292830203495087e-02	3.288569e+00
2.303218484745087e-02	3.386676e+00
2.320284946798658e-02	3.539797e+00
2.337351408852229e-02	3.680423e+00
2.354417870905800e-02	3.808553e+00
2.371484332959371e-02	3.924188e+00
2.388550795012942e-02	4.027327e+00
2.405617257066513e-02	4.117971e+00
2.422683719120084e-02	4.196120e+00
2.430845940102227e-02	4.228589e+00
2.439008161084369e-02	4.258163e+00
2.447170382066512e-02	4.284841e+00
2.455332603048654e-02	4.308624e+00
2.463494824030797e-02	4.329512e+00
2.471657045012940e-02	4.347504e+00
2.479819265995082e-02	4.362600e+00
2.490207547245082e-02	4.378013e+00
2.495401687870082e-02	4.384125e+00
2.500595828495082e-02	4.389210e+00
2.505789969120082e-02	4.393302e+00
2.510984109745082e-02	4.396437e+00
2.516178250370081e-02	4.398656e+00
2.521372390995081e-02	4.400004e+00
2.526566531620081e-02	4.400531e+00
2.531760672245081e-02	4.400292e+00
2.536954812870081e-02	4.399345e+00
2.542148953495081e-02	4.397755e+00
2.547343094120081e-02	4.395584e+00
2.552537234745081e-02	4.392902e+00
2.557731375370080e-02	4.389775e+00
2.562925515995080e-02	4.386269e+00
2.568119656620080e-02	4.382449e+00
2.573313797245080e-02	4.378372e+00
2.578507937870080e-02	4.374093e+00
2.583702078495080e-02	4.369658e+00
2.588896219120080e-02	4.365107e+00
2.594090359745079e-02	4.360471e+00
2.599284500370079e-02	4.355777e+00
2.604478640995079e-02	4.351045e+00
2.609672781620079e-02	4.346289e+00
2.614866922245079e-02	4.341518e+00
2.620061062870079e-02	4.336740e+00
2.625255203495079e-02	4.331960e+00
2.630449344120079e-02	4.327181e+00
2.635643484745078e-02	4.322405e+00
2.640837625370078e-02	4.317632e+00
2.646031765995078e-02	4.312864e+00
2.651225906620078e-02	4.308101e+00
2.656420047245078e-02	4.303343e+00
2.661614187870078e-02	4.298590e+00
2.666808328495078e-02	4.293841e+00
2.677196609745077e-02	4.284361e+00
2.703909332959362e-02	4.260082e+00
2.730622056173648e-02	4.235937e+00
2.757334779387932e-02	4.211929e+00
2.784047502602218e-02	4.188056e+00
2.810760225816503e-02	4.164319e+00
2.837472949030788e-02	4.140717e+00
2.864185672245073e-02	4.117251e+00
2.879768094120072e-02	4.103624e+00
2.895350515995072e-02	4.090040e+00
2.910932937870072e-02	4.076502e+00
2.926515359745071e-02	4.063009e+00
2.942097781620071e-02	4.049560e+00
2.957680203495070e-02	4.036156e+00
2.973262625370070e-02	4.022797e+00
2.977714745905784e-02	4.018988e+00
2.982166866441498e-02	4.015183e+00
2.986618986977213e-02	4.011381e+00
2.991071107512927e-02	4.007583e+00
2.995523228048641e-02	4.003788e+00
2.999975348584355e-02	3.999997e+00
3.004427469120069e-02	3.996210e+00
3.015557770459355e-02	3.986758e+00
3.026688071798640e-02	3.977327e+00
3.037818373137926e-02	3.967919e+00
3.048948674477211e-02	3.958534e+00
3.060078975816496e-02	3.949170e+00
3.071209277155782e-02	3.939829e+00
3.082339578495067e-02	3.930510e+00
3.104600181173638e-02	3.911938e+00
3.126860783852210e-02	3.893454e+00
3.149121386530780e-02	3.875056e+00
3.171381989209351e-02	3.856745e+00
3.193642591887922e-02	3.838520e+00
3.215903194566493e-02	3.820382e+00
3.238163797245064e-02	3.802331e+00
3.276006821798634e-02	3.771844e+00
3.313849846352205e-02	3.741595e+00
3.351692870905775e-02	3.711587e+00
3.389535895459346e-02	3.681818e+00
3.427378920012916e-02	3.652289e+00
3.465221944566487e-02	3.623000e+00
3.503064969120057e-02	3.593950e+00
3.540165973584342e-02	3.565696e+00
3.577266978048627e-02	3.537660e+00
3.614367982512912e-02	3.509842e+00
3.651468986977197e-02	3.482242e+00
3.688569991441482e-02	3.454859e+00
3.725670995905766e-02	3.427695e+00
3.762772000370051e-02	3.400748e+00
3.785032603048621e-02	3.384680e+00
3.807293205727193e-02	3.368687e+00
3.829553808405763e-02	3.352770e+00
3.851814411084335e-02	3.336927e+00
3.874075013762905e-02	3.321159e+00
3.896335616441476e-02	3.305467e+00
3.918596219120047e-02	3.289850e+00
3.929726520459333e-02	3.282068e+00
3.940856821798618e-02	3.274305e+00
3.951987123137903e-02	3.266560e+00
3.963117424477189e-02	3.258834e+00
3.974247725816474e-02	3.251125e+00
3.985378027155759e-02	3.243436e+00
3.996508328495045e-02	3.235764e+00
4.002444489209331e-02	3.231680e+00
4.008380649923616e-02	3.227601e+00
4.014316810637902e-02	3.223527e+00
4.020252971352187e-02	3.219458e+00
4.026189132066473e-02	3.215395e+00
4.032125292780758e-02	3.211336e+00
4.038061453495044e-02	3.207283e+00
4.055869935637901e-02	3.195154e+00
4.073678417780757e-02	3.183071e+00
4.091486899923614e-02	3.171033e+00
4.109295382066471e-02	3.159041e+00
4.127103864209328e-02	3.147094e+00
4.144912346352184e-02	3.135192e+00
4.162720828495041e-02	3.123336e+00
4.169399009298612e-02	3.118901e+00
4.176077190102184e-02	3.114473e+00
4.182755370905755e-02	3.110051e+00
4.189433551709326e-02	3.105635e+00
4.196111732512897e-02	3.101226e+00
4.202789913316469e-02	3.096822e+00
4.209468094120040e-02	3.092425e+00
4.214662234745040e-02	3.089010e+00
4.219856375370040e-02	3.085598e+00
4.225050515995039e-02	3.082191e+00
4.230244656620039e-02	3.078789e+00
4.235438797245039e-02	3.075398e+00
4.240632937870039e-02	3.072031e+00
4.244111817491303e-02	3.069806e+00
4.246264441743404e-02	3.068462e+00
4.248368028573388e-02	3.067199e+00
4.250567314679067e-02	3.065962e+00
4.252673188204918e-02	3.064919e+00
4.254847702199739e-02	3.064087e+00
4.257047404290048e-02	3.063670e+00
4.259332442763126e-02	3.063992e+00
4.261758294702103e-02	3.065714e+00
4.264476448266146e-02	3.070380e+00
4.267967162742093e-02	3.081470e+00
4.271154863274563e-02	3.097316e+00
4.274428280924836e-02	3.119452e+00
4.277891983183486e-02	3.147810e+00
4.282760056209202e-02	3.192153e+00
4.287954196834202e-02	3.241654e+00
4.293148337459202e-02	3.291621e+00
4.303536618709201e-02	3.389623e+00
4.320603080762772e-02	3.542525e+00
4.337669542816344e-02	3.682928e+00
4.354736004869914e-02	3.810831e+00
4.371802466923486e-02	3.926234e+00
4.388868928977056e-02	4.029137e+00
4.405935391030628e-02	4.119540e+00
4.423001853084198e-02	4.197444e+00
4.431164074066341e-02	4.229797e+00
4.439326295048484e-02	4.259256e+00
4.447488516030627e-02	4.285820e+00
4.455650737012769e-02	4.309490e+00
4.463812957994912e-02	4.330267e+00
4.471975178977054e-02	4.348149e+00
4.480137399959197e-02	4.363137e+00
4.490525681209197e-02	4.378417e+00
4.495719821834197e-02	4.384465e+00
4.500913962459197e-02	4.389489e+00
4.506108103084196e-02	4.393522e+00
4.511302243709196e-02	4.396599e+00
4.516496384334196e-02	4.398763e+00
4.521690524959196e-02	4.400059e+00
4.526884665584196e-02	4.400537e+00
4.532078806209196e-02	4.400254e+00
4.537272946834196e-02	4.399266e+00
4.542467087459195e-02	4.397638e+00
4.547661228084195e-02	4.395434e+00
4.552855368709195e-02	4.392723e+00
4.558049509334195e-02	4.389570e+00
4.563243649959195e-02	4.386044e+00
4.568437790584195e-02	4.382206e+00
4.573631931209195e-02	4.378115e+00
4.578826071834195e-02	4.373825e+00
4.584020212459194e-02	4.369382e+00
4.589214353084194e-02	4.364825e+00
4.594408493709194e-02	4.360185e+00
4.599602634334194e-02	4.355489e+00
4.604796774959194e-02	4.350754e+00
4.609990915584194e-02	4.345997e+00
4.615185056209194e-02	4.341226e+00
4.620379196834194e-02	4.336448e+00
4.625573337459193e-02	4.331668e+00
4.630767478084193e-02	4.326889e+00
4.635961618709193e-02	4.322113e+00
4.641155759334193e-02	4.317340e+00
4.646349899959193e-02	4.312572e+00
4.651544040584193e-02	4.307809e+00
4.656738181209193e-02	4.303051e+00
4.661932321834193e-02	4.298298e+00
4.667126462459192e-02	4.293550e+00
4.677514743709192e-02	4.284071e+00
4.704227466923477e-02	4.259793e+00
4.730940190137762e-02	4.235651e+00
4.757652913352047e-02	4.211644e+00
4.784365636566332e-02	4.187773e+00
4.811078359780618e-02	4.164037e+00
4.837791082994902e-02	4.140437e+00
4.864503806209187e-02	4.116973e+00
4.880086228084187e-02	4.103346e+00
4.895668649959187e-02	4.089764e+00
4.911251071834186e-02	4.076227e+00
4.926833493709186e-02	4.062734e+00
4.942415915584186e-02	4.049286e+00
4.957998337459185e-02	4.035883e+00
4.973580759334185e-02	4.022525e+00
4.999551462459184e-02	4.000359e+00
5.007713683441327e-02	3.993417e+00
5.015875904423470e-02	3.986488e+00
5.024038125405612e-02	3.979571e+00
5.032200346387754e-02	3.972665e+00
5.040362567369897e-02	3.965772e+00
5.048524788352040e-02	3.958891e+00
5.056687009334183e-02	3.952021e+00
5.061881149959183e-02	3.947656e+00
5.081915692369896e-02	3.930865e+00
5.101950234780610e-02	3.914144e+00
5.121984777191324e-02	3.897494e+00
5.142019319602038e-02	3.880915e+00
5.162053862012751e-02	3.864407e+00
5.182088404423466e-02	3.847969e+00
5.202122946834179e-02	3.831601e+00
5.217705368709179e-02	3.818919e+00
5.233287790584178e-02	3.806279e+00
5.248870212459178e-02	3.793680e+00
5.264452634334178e-02	3.781123e+00
5.280035056209177e-02	3.768607e+00
5.295617478084177e-02	3.756133e+00
5.311199899959176e-02	3.743701e+00
5.316394040584176e-02	3.739565e+00
5.318800000000000e-02	3.737651e+00
