time	V(n002)
0.000000000000000e+00	0.000000e+00
5.194140673125958e-10	1.302801e-20
1.038828134625192e-09	6.953935e-20
1.601332990954669e-05	-1.285989e-10
3.202562099095875e-05	-1.255590e-11
4.803791207237081e-05	3.481289e-10
6.405020315378287e-05	9.534555e-10
8.006249423519493e-05	1.803424e-09
9.607478531660699e-05	2.898034e-09
1.120870763980190e-04	4.237286e-09
1.351552995592596e-04	7.739940e-09
1.599470473179580e-04	1.382322e-08
1.867086164861048e-04	2.453963e-08
2.145718994451537e-04	4.294386e-08
2.435999075240641e-04	7.484662e-08
2.732109032493029e-04	1.294273e-07
3.034329821842115e-04	2.233947e-07
3.339285193675915e-04	3.840817e-07
3.647286935775497e-04	6.599545e-07
3.956542195593894e-04	1.131888e-06
4.267374667391210e-04	1.941151e-06
4.578878240107585e-04	3.326160e-06
4.891330030990842e-04	5.699836e-06
5.204286045109093e-04	9.763560e-06
5.517960017780606e-04	1.672627e-05
5.832145622668282e-04	2.864893e-05
6.147006155216076e-04	4.907422e-05
6.462470430479018e-04	8.405405e-05
6.778687772105525e-04	1.439748e-04
7.095696943853561e-04	2.465983e-04
7.413703556916652e-04	4.223755e-04
7.732923497904595e-04	7.233983e-04
8.053794979799878e-04	1.238883e-03
8.376983435518170e-04	2.121389e-03
8.703668776621939e-04	3.631875e-03
9.035847415383941e-04	6.216418e-03
9.377056776180929e-04	1.063944e-02
9.733658934122136e-04	1.822569e-02
1.011770578306665e-03	3.133157e-02
1.055205239148415e-03	5.423401e-02
1.107146645398415e-03	9.335782e-02
1.159088051648415e-03	1.442794e-01
1.211029457898415e-03	2.049288e-01
1.262970864148415e-03	2.720283e-01
1.314912270398415e-03	3.428102e-01
1.366853676648415e-03	4.154193e-01
1.418795082898415e-03	4.887584e-01
1.522677895398415e-03	6.354203e-01
1.708182917719844e-03	8.949734e-01
1.893687940041273e-03	1.144415e+00
2.079192962362701e-03	1.383744e+00
2.264697984684130e-03	1.612962e+00
2.450203007005559e-03	1.832068e+00
2.635708029326988e-03	2.041062e+00
2.821213051648416e-03	2.239945e+00
3.006718073969844e-03	2.425355e+00
3.192223096291272e-03	2.596863e+00
3.377728118612701e-03	2.754466e+00
3.563233140934129e-03	2.898167e+00
3.748738163255558e-03	3.027964e+00
3.934243185576987e-03	3.143858e+00
4.119748207898414e-03	3.245849e+00
4.216210819505556e-03	3.292701e+00
4.312673431112698e-03	3.335834e+00
4.409136042719841e-03	3.375247e+00
4.505598654326983e-03	3.410940e+00
4.602061265934125e-03	3.442912e+00
4.698523877541267e-03	3.471165e+00
4.794986489148409e-03	3.495697e+00
4.898869301648408e-03	3.518594e+00
5.002752114148407e-03	3.537813e+00
5.106634926648406e-03	3.553606e+00
5.158576332898406e-03	3.560306e+00
5.210517739148405e-03	3.566261e+00
5.262459145398405e-03	3.571513e+00
5.314400551648404e-03	3.576107e+00
5.366341957898404e-03	3.580087e+00
5.418283364148404e-03	3.583502e+00
5.470224770398403e-03	3.586398e+00
5.522166176648403e-03	3.588823e+00
5.574107582898402e-03	3.590827e+00
5.626048989148402e-03	3.592455e+00
5.677990395398401e-03	3.593752e+00
5.729931801648401e-03	3.594763e+00
5.781873207898401e-03	3.595528e+00
5.833814614148400e-03	3.596083e+00
5.885756020398400e-03	3.596465e+00
5.937697426648399e-03	3.596702e+00
5.989638832898399e-03	3.596822e+00
6.041580239148399e-03	3.596848e+00
6.093521645398398e-03	3.596800e+00
6.145463051648398e-03	3.596694e+00
6.197404457898397e-03	3.596544e+00
6.249345864148397e-03	3.596361e+00
6.301287270398396e-03	3.596152e+00
6.353228676648396e-03	3.595925e+00
6.405170082898396e-03	3.595684e+00
6.457111489148395e-03	3.595435e+00
6.509052895398395e-03	3.595178e+00
6.560994301648394e-03	3.594917e+00
6.612935707898394e-03	3.594653e+00
6.664877114148393e-03	3.594387e+00
6.716818520398393e-03	3.594119e+00
6.768759926648393e-03	3.593850e+00
6.820701332898392e-03	3.593581e+00
6.872642739148392e-03	3.593312e+00
6.924584145398391e-03	3.593042e+00
6.976525551648391e-03	3.592772e+00
7.028466957898391e-03	3.592502e+00
7.080408364148390e-03	3.592232e+00
7.132349770398390e-03	3.591962e+00
7.184291176648389e-03	3.591692e+00
7.236232582898389e-03	3.591422e+00
7.288173989148388e-03	3.591152e+00
7.340115395398388e-03	3.590882e+00
7.392056801648388e-03	3.590612e+00
7.443998207898387e-03	3.590342e+00
7.495939614148387e-03	3.590072e+00
7.547881020398386e-03	3.589802e+00
7.599822426648386e-03	3.589532e+00
7.703705239148385e-03	3.588993e+00
7.859529457898385e-03	3.588183e+00
8.015353676648386e-03	3.587374e+00
8.200858698969816e-03	3.586411e+00
8.386363721291246e-03	3.585448e+00
8.571868743612676e-03	3.584486e+00
8.757373765934107e-03	3.583524e+00
8.942878788255537e-03	3.582561e+00
9.128383810576967e-03	3.581600e+00
9.313888832898397e-03	3.580638e+00
9.558755462362685e-03	3.579369e+00
9.803622091826973e-03	3.578101e+00
1.004848872129126e-02	3.576833e+00
1.029335535075555e-02	3.575565e+00
1.053822198021984e-02	3.574298e+00
1.078308860968412e-02	3.573032e+00
1.102795523914841e-02	3.571766e+00
1.119119965879127e-02	3.570922e+00
1.135444407843413e-02	3.570078e+00
1.151768849807699e-02	3.569235e+00
1.168093291771985e-02	3.568392e+00
1.184417733736270e-02	3.567548e+00
1.200742175700556e-02	3.566706e+00
1.217066617664842e-02	3.565863e+00
1.227454898914842e-02	3.565327e+00
1.237843180164842e-02	3.564791e+00
1.243037320789842e-02	3.564523e+00
1.248231461414842e-02	3.564255e+00
1.253425602039842e-02	3.563987e+00
1.258619742664843e-02	3.563719e+00
1.263813883289843e-02	3.563451e+00
1.269008023914843e-02	3.563183e+00
1.274202164539843e-02	3.562916e+00
1.279396305164843e-02	3.562648e+00
1.284590445789843e-02	3.562380e+00
1.289784586414843e-02	3.562112e+00
1.294978727039843e-02	3.561844e+00
1.300172867664843e-02	3.561577e+00
1.305367008289843e-02	3.561309e+00
1.310561148914843e-02	3.561042e+00
1.315755289539843e-02	3.560775e+00
1.320949430164843e-02	3.560509e+00
1.326143570789843e-02	3.560243e+00
1.331337711414843e-02	3.559979e+00
1.336531852039843e-02	3.559717e+00
1.341725992664843e-02	3.559457e+00
1.346920133289843e-02	3.559202e+00
1.352114273914843e-02	3.558954e+00
1.357308414539843e-02	3.558715e+00
1.362502555164843e-02	3.558489e+00
1.367696695789843e-02	3.558283e+00
1.372890836414844e-02	3.558103e+00
1.378084977039844e-02	3.557960e+00
1.383279117664844e-02	3.557865e+00
1.388473258289844e-02	3.557835e+00
1.393667398914844e-02	3.557890e+00
1.398861539539844e-02	3.558053e+00
1.404055680164844e-02	3.558352e+00
1.409249820789844e-02	3.558817e+00
1.414443961414844e-02	3.559483e+00
1.419638102039844e-02	3.560384e+00
1.424832242664844e-02	3.561556e+00
1.430026383289844e-02	3.563031e+00
1.435220523914844e-02	3.564836e+00
1.445608805164844e-02	3.569497e+00
1.450802945789844e-02	3.572355e+00
1.455997086414844e-02	3.575546e+00
1.461191227039844e-02	3.579038e+00
1.466385367664844e-02	3.582787e+00
1.471579508289844e-02	3.586740e+00
1.476773648914844e-02	3.590835e+00
1.481967789539844e-02	3.595008e+00
1.487161930164844e-02	3.599196e+00
1.492356070789845e-02	3.603334e+00
1.497550211414845e-02	3.607366e+00
1.502744352039845e-02	3.611240e+00
1.507938492664845e-02	3.614912e+00
1.513132633289845e-02	3.618347e+00
1.523520914539845e-02	3.624409e+00
1.539103336414845e-02	3.631329e+00
1.544297477039845e-02	3.633064e+00
1.549491617664845e-02	3.634533e+00
1.554685758289845e-02	3.635754e+00
1.559879898914845e-02	3.636746e+00
1.565074039539845e-02	3.637533e+00
1.570268180164845e-02	3.638136e+00
1.575462320789845e-02	3.638579e+00
1.580656461414845e-02	3.638883e+00
1.585850602039844e-02	3.639070e+00
1.591044742664844e-02	3.639158e+00
1.596238883289844e-02	3.639166e+00
1.601433023914844e-02	3.639107e+00
1.606627164539844e-02	3.638996e+00
1.611821305164844e-02	3.638844e+00
1.617015445789844e-02	3.638659e+00
1.622209586414844e-02	3.638451e+00
1.627403727039843e-02	3.638224e+00
1.632597867664843e-02	3.637983e+00
1.637792008289843e-02	3.637732e+00
1.642986148914843e-02	3.637475e+00
1.648180289539843e-02	3.637212e+00
1.653374430164843e-02	3.636946e+00
1.658568570789843e-02	3.636677e+00
1.663762711414843e-02	3.636407e+00
1.668956852039842e-02	3.636135e+00
1.674150992664842e-02	3.635863e+00
1.679339322281153e-02	3.635591e+00
1.684500713522410e-02	3.635320e+00
1.689694854147410e-02	3.635047e+00
1.694888994772410e-02	3.634774e+00
1.700083135397410e-02	3.634501e+00
1.705277276022410e-02	3.634228e+00
1.710471416647410e-02	3.633954e+00
1.715665557272410e-02	3.633681e+00
1.720859697897410e-02	3.633408e+00
1.726053838522409e-02	3.633135e+00
1.731247979147409e-02	3.632862e+00
1.736442119772409e-02	3.632589e+00
1.741636260397409e-02	3.632316e+00
1.746830401022409e-02	3.632043e+00
1.752024541647409e-02	3.631769e+00
1.762412822897409e-02	3.631223e+00
1.772801104147408e-02	3.630677e+00
1.788383526022408e-02	3.629859e+00
1.806192008165265e-02	3.628923e+00
1.824000490308121e-02	3.627988e+00
1.841808972450978e-02	3.627053e+00
1.859617454593835e-02	3.626118e+00
1.877425936736692e-02	3.625184e+00
1.895234418879548e-02	3.624249e+00
1.913042901022405e-02	3.623315e+00
1.938271584058119e-02	3.621992e+00
1.963500267093832e-02	3.620670e+00
1.988728950129546e-02	3.619348e+00
2.013957633165259e-02	3.618027e+00
2.039186316200973e-02	3.616706e+00
2.064414999236687e-02	3.615385e+00
2.089643682272400e-02	3.614065e+00
2.106710144325971e-02	3.613173e+00
2.123776606379543e-02	3.612280e+00
2.140843068433114e-02	3.611388e+00
2.157909530486685e-02	3.610496e+00
2.174975992540255e-02	3.609604e+00
2.192042454593826e-02	3.608713e+00
2.209108916647397e-02	3.607822e+00
2.224691338522397e-02	3.607008e+00
2.235079619772397e-02	3.606466e+00
2.245467901022397e-02	3.605923e+00
2.250662041647396e-02	3.605652e+00
2.255856182272396e-02	3.605381e+00
2.261050322897396e-02	3.605110e+00
2.266244463522396e-02	3.604839e+00
2.271438604147396e-02	3.604568e+00
2.276632744772396e-02	3.604297e+00
2.281826885397396e-02	3.604026e+00
2.287021026022396e-02	3.603755e+00
2.292215166647395e-02	3.603485e+00
2.297409307272395e-02	3.603214e+00
2.302603447897395e-02	3.602943e+00
2.307797588522395e-02	3.602672e+00
2.312991729147395e-02	3.602402e+00
2.318185869772395e-02	3.602132e+00
2.323380010397395e-02	3.601862e+00
2.328574151022395e-02	3.601593e+00
2.333768291647394e-02	3.601325e+00
2.338962432272394e-02	3.601058e+00
2.344156572897394e-02	3.600794e+00
2.349350713522394e-02	3.600533e+00
2.354544854147394e-02	3.600277e+00
2.359738994772394e-02	3.600028e+00
2.364933135397394e-02	3.599789e+00
2.370127276022393e-02	3.599564e+00
2.375321416647393e-02	3.599359e+00
2.380515557272393e-02	3.599180e+00
2.385709697897393e-02	3.599037e+00
2.390903838522393e-02	3.598941e+00
2.396097979147393e-02	3.598906e+00
2.401292119772393e-02	3.598948e+00
2.406486260397393e-02	3.599087e+00
2.411680401022392e-02	3.599343e+00
2.416874541647392e-02	3.599742e+00
2.422068682272392e-02	3.600307e+00
2.427262822897392e-02	3.601063e+00
2.432456963522392e-02	3.602035e+00
2.437651104147392e-02	3.603240e+00
2.453233526022391e-02	3.608379e+00
2.458427666647391e-02	3.610597e+00
2.463621807272391e-02	3.613043e+00
2.468815947897391e-02	3.615691e+00
2.474010088522391e-02	3.618503e+00
2.479204229147391e-02	3.621439e+00
2.484398369772391e-02	3.624451e+00
2.489592510397391e-02	3.627493e+00
2.494786651022390e-02	3.630516e+00
2.499980791647390e-02	3.633476e+00
2.505174932272390e-02	3.636330e+00
2.510369072897390e-02	3.639044e+00
2.515563213522390e-02	3.641586e+00
2.520757354147390e-02	3.643935e+00
2.541533916647389e-02	3.651157e+00
2.546728057272389e-02	3.652413e+00
2.551922197897389e-02	3.653463e+00
2.557116338522389e-02	3.654322e+00
2.562310479147389e-02	3.655005e+00
2.567504619772389e-02	3.655528e+00
2.572698760397388e-02	3.655911e+00
2.577892901022388e-02	3.656171e+00
2.583087041647388e-02	3.656326e+00
2.588281182272388e-02	3.656391e+00
2.593475322897388e-02	3.656383e+00
2.598669463522388e-02	3.656313e+00
2.603863604147388e-02	3.656195e+00
2.609057744772388e-02	3.656037e+00
2.614251885397387e-02	3.655849e+00
2.619446026022387e-02	3.655638e+00
2.624640166647387e-02	3.655409e+00
2.629834307272387e-02	3.655167e+00
2.635028447897387e-02	3.654916e+00
2.640222588522387e-02	3.654657e+00
2.645416729147387e-02	3.654393e+00
2.650610869772387e-02	3.654126e+00
2.655805010397386e-02	3.653856e+00
2.660999151022386e-02	3.653584e+00
2.666193291647386e-02	3.653312e+00
2.671387432272386e-02	3.653039e+00
2.676581572897386e-02	3.652765e+00
2.681775713522386e-02	3.652491e+00
2.686969854147386e-02	3.652216e+00
2.692163994772385e-02	3.651942e+00
2.697358135397385e-02	3.651668e+00
2.702552276022385e-02	3.651393e+00
2.707746416647385e-02	3.651119e+00
2.712940557272385e-02	3.650844e+00
2.718134697897385e-02	3.650570e+00
2.723328838522385e-02	3.650295e+00
2.728522979147385e-02	3.650021e+00
2.733717119772384e-02	3.649747e+00
2.738911260397384e-02	3.649472e+00
2.744105401022384e-02	3.649198e+00
2.749299541647384e-02	3.648924e+00
2.754493682272384e-02	3.648649e+00
2.764881963522384e-02	3.648101e+00
2.780464385397383e-02	3.647278e+00
2.796046807272383e-02	3.646456e+00
2.814597309504525e-02	3.645477e+00
2.833147811736668e-02	3.644498e+00
2.851698313968810e-02	3.643520e+00
2.870248816200953e-02	3.642541e+00
2.888799318433095e-02	3.641563e+00
2.907349820665237e-02	3.640586e+00
2.925900322897380e-02	3.639608e+00
2.950386985843808e-02	3.638319e+00
2.974873648790236e-02	3.637029e+00
2.999360311736664e-02	3.635741e+00
3.023846974683092e-02	3.634452e+00
3.048333637629520e-02	3.633164e+00
3.072820300575948e-02	3.631877e+00
3.097306963522375e-02	3.630590e+00
3.114373425575946e-02	3.629693e+00
3.131439887629518e-02	3.628797e+00
3.148506349683088e-02	3.627900e+00
3.165572811736660e-02	3.627004e+00
3.182639273790230e-02	3.626109e+00
3.199705735843802e-02	3.625213e+00
3.216772197897372e-02	3.624318e+00
3.232354619772372e-02	3.623500e+00
3.242742901022372e-02	3.622956e+00
3.247937041647372e-02	3.622683e+00
3.253131182272372e-02	3.622411e+00
3.258325322897371e-02	3.622139e+00
3.263519463522371e-02	3.621866e+00
3.268713604147371e-02	3.621594e+00
3.273907744772371e-02	3.621322e+00
3.279101885397371e-02	3.621049e+00
3.284296026022371e-02	3.620777e+00
3.289490166647371e-02	3.620505e+00
3.294684307272371e-02	3.620233e+00
3.299878447897370e-02	3.619961e+00
3.305072588522370e-02	3.619689e+00
3.310266729147370e-02	3.619417e+00
3.315460869772370e-02	3.619145e+00
3.320655010397370e-02	3.618874e+00
3.325849151022370e-02	3.618603e+00
3.331043291647370e-02	3.618333e+00
3.336237432272370e-02	3.618063e+00
3.341431572897369e-02	3.617795e+00
3.346625713522369e-02	3.617530e+00
3.351819854147369e-02	3.617268e+00
3.357013994772369e-02	3.617011e+00
3.362208135397369e-02	3.616760e+00
3.367402276022369e-02	3.616520e+00
3.372596416647369e-02	3.616293e+00
3.377790557272368e-02	3.616085e+00
3.382984697897368e-02	3.615903e+00
3.388178838522368e-02	3.615754e+00
3.393372979147368e-02	3.615650e+00
3.398567119772368e-02	3.615602e+00
3.403761260397368e-02	3.615627e+00
3.408955401022368e-02	3.615740e+00
3.414149541647368e-02	3.615962e+00
3.419343682272367e-02	3.616312e+00
3.424537822897367e-02	3.616813e+00
3.429731963522367e-02	3.617485e+00
3.434926104147367e-02	3.618349e+00
3.440120244772367e-02	3.619419e+00
3.455702666647367e-02	3.623960e+00
3.460896807272366e-02	3.625911e+00
3.466090947897366e-02	3.628057e+00
3.471285088522366e-02	3.630373e+00
3.476479229147366e-02	3.632828e+00
3.481673369772366e-02	3.635384e+00
3.486867510397366e-02	3.638000e+00
3.492061651022366e-02	3.640634e+00
3.497255791647366e-02	3.643245e+00
3.502449932272365e-02	3.645794e+00
3.507644072897365e-02	3.648244e+00
3.512838213522365e-02	3.650564e+00
3.518032354147365e-02	3.652730e+00
3.523226494772365e-02	3.654721e+00
3.544003057272364e-02	3.660749e+00
3.549197197897364e-02	3.661771e+00
3.554391338522364e-02	3.662614e+00
3.559585479147364e-02	3.663291e+00
3.564779619772364e-02	3.663815e+00
3.569973760397364e-02	3.664204e+00
3.575167901022364e-02	3.664473e+00
3.580362041647363e-02	3.664637e+00
3.585556182272363e-02	3.664713e+00
3.590750322897363e-02	3.664714e+00
3.595944463522363e-02	3.664654e+00
3.601138604147363e-02	3.664543e+00
3.606332744772363e-02	3.664392e+00
3.611526885397363e-02	3.664210e+00
3.616721026022363e-02	3.664003e+00
3.621915166647362e-02	3.663777e+00
3.627109307272362e-02	3.663538e+00
3.632303447897362e-02	3.663288e+00
3.637497588522362e-02	3.663030e+00
3.642691729147362e-02	3.662767e+00
3.647885869772362e-02	3.662500e+00
3.653080010397362e-02	3.662230e+00
3.658274151022362e-02	3.661958e+00
3.663468291647361e-02	3.661685e+00
3.668662432272361e-02	3.661412e+00
3.673856572897361e-02	3.661138e+00
3.679050713522361e-02	3.660863e+00
3.684244854147361e-02	3.660588e+00
3.689438994772361e-02	3.660313e+00
3.694633135397361e-02	3.660038e+00
3.699827276022361e-02	3.659763e+00
3.705021416647360e-02	3.659488e+00
3.710215557272360e-02	3.659213e+00
3.715409697897360e-02	3.658938e+00
3.720603838522360e-02	3.658663e+00
3.725797979147360e-02	3.658388e+00
3.730992119772360e-02	3.658113e+00
3.736186260397360e-02	3.657838e+00
3.741380401022359e-02	3.657563e+00
3.746574541647359e-02	3.657288e+00
3.751768682272359e-02	3.657013e+00
3.762156963522359e-02	3.656463e+00
3.772545244772359e-02	3.655913e+00
3.788127666647358e-02	3.655089e+00
3.805936148790215e-02	3.654147e+00
3.823744630933072e-02	3.653205e+00
3.841553113075928e-02	3.652263e+00
3.859361595218785e-02	3.651322e+00
3.877170077361642e-02	3.650381e+00
3.894978559504499e-02	3.649440e+00
3.912787041647355e-02	3.648500e+00
3.938015724683069e-02	3.647168e+00
3.963244407718783e-02	3.645836e+00
3.988473090754496e-02	3.644505e+00
4.013701773790210e-02	3.643175e+00
4.038930456825923e-02	3.641844e+00
4.064159139861637e-02	3.640515e+00
4.089387822897351e-02	3.639186e+00
4.106454284950922e-02	3.638287e+00
4.123520747004493e-02	3.637388e+00
4.140587209058064e-02	3.636490e+00
4.157653671111635e-02	3.635592e+00
4.174720133165206e-02	3.634694e+00
4.191786595218777e-02	3.633796e+00
4.208853057272348e-02	3.632899e+00
4.224435479147347e-02	3.632079e+00
4.234823760397347e-02	3.631533e+00
4.245212041647347e-02	3.630987e+00
4.250406182272347e-02	3.630714e+00
4.255600322897347e-02	3.630441e+00
4.260794463522347e-02	3.630168e+00
4.265988604147346e-02	3.629895e+00
4.271182744772346e-02	3.629623e+00
4.276376885397346e-02	3.629350e+00
4.281571026022346e-02	3.629077e+00
4.286765166647346e-02	3.628804e+00
4.291959307272346e-02	3.628531e+00
4.297153447897346e-02	3.628259e+00
4.302347588522346e-02	3.627986e+00
4.307541729147345e-02	3.627713e+00
4.312735869772345e-02	3.627441e+00
4.317930010397345e-02	3.627169e+00
4.323124151022345e-02	3.626897e+00
4.328318291647345e-02	3.626626e+00
4.333512432272345e-02	3.626355e+00
4.338706572897345e-02	3.626085e+00
4.343900713522345e-02	3.625817e+00
4.349094854147344e-02	3.625552e+00
4.354288994772344e-02	3.625290e+00
4.359483135397344e-02	3.625034e+00
4.364677276022344e-02	3.624785e+00
4.369871416647344e-02	3.624547e+00
4.375065557272344e-02	3.624323e+00
4.380259697897344e-02	3.624119e+00
4.385453838522343e-02	3.623942e+00
4.390647979147343e-02	3.623800e+00
4.395842119772343e-02	3.623704e+00
4.401036260397343e-02	3.623667e+00
4.406230401022343e-02	3.623702e+00
4.411424541647343e-02	3.623827e+00
4.416618682272343e-02	3.624060e+00
4.421812822897343e-02	3.624421e+00
4.427006963522342e-02	3.624930e+00
4.432201104147342e-02	3.625605e+00
4.437395244772342e-02	3.626465e+00
4.442589385397342e-02	3.627523e+00
4.452977666647342e-02	3.630263e+00
4.458171807272342e-02	3.631943e+00
4.463365947897342e-02	3.633818e+00
4.468560088522341e-02	3.635868e+00
4.473754229147341e-02	3.638068e+00
4.478948369772341e-02	3.640386e+00
4.484142510397341e-02	3.642786e+00
4.489336651022341e-02	3.645229e+00
4.494530791647341e-02	3.647676e+00
4.499724932272341e-02	3.650089e+00
4.504919072897341e-02	3.652431e+00
4.510113213522340e-02	3.654670e+00
4.515307354147340e-02	3.656779e+00
4.520501494772340e-02	3.658735e+00
4.530889776022340e-02	3.662127e+00
4.541278057272340e-02	3.664781e+00
4.546472197897340e-02	3.665833e+00
4.551666338522339e-02	3.666708e+00
4.556860479147339e-02	3.667420e+00
4.562054619772339e-02	3.667981e+00
4.567248760397339e-02	3.668404e+00
4.572442901022339e-02	3.668704e+00
4.577637041647339e-02	3.668898e+00
4.582831182272339e-02	3.669000e+00
4.588025322897338e-02	3.669023e+00
4.593219463522338e-02	3.668982e+00
4.598413604147338e-02	3.668887e+00
4.603607744772338e-02	3.668749e+00
4.608801885397338e-02	3.668577e+00
4.613996026022338e-02	3.668378e+00
4.619190166647338e-02	3.668159e+00
4.624384307272338e-02	3.667924e+00
4.629578447897337e-02	3.667677e+00
4.634772588522337e-02	3.667422e+00
4.639966729147337e-02	3.667161e+00
4.645160869772337e-02	3.666894e+00
4.650355010397337e-02	3.666625e+00
4.655549151022337e-02	3.666354e+00
4.660743291647337e-02	3.666081e+00
4.665937432272337e-02	3.665807e+00
4.671131572897336e-02	3.665533e+00
4.676325713522336e-02	3.665258e+00
4.681519854147336e-02	3.664983e+00
4.686713994772336e-02	3.664708e+00
4.691908135397336e-02	3.664433e+00
4.697102276022336e-02	3.664157e+00
4.702296416647336e-02	3.663882e+00
4.707490557272336e-02	3.663607e+00
4.712684697897335e-02	3.663331e+00
4.717878838522335e-02	3.663056e+00
4.723072979147335e-02	3.662781e+00
4.728267119772335e-02	3.662505e+00
4.733461260397335e-02	3.662230e+00
4.738655401022335e-02	3.661954e+00
4.743849541647335e-02	3.661679e+00
4.749043682272334e-02	3.661404e+00
4.754237822897334e-02	3.661129e+00
4.764626104147334e-02	3.660578e+00
4.780208526022334e-02	3.659753e+00
4.795790947897333e-02	3.658927e+00
4.814341450129476e-02	3.657945e+00
4.832891952361618e-02	3.656963e+00
4.851442454593761e-02	3.655981e+00
4.869992956825903e-02	3.655000e+00
4.888543459058045e-02	3.654018e+00
4.907093961290188e-02	3.653037e+00
4.925644463522330e-02	3.652057e+00
4.950131126468758e-02	3.650763e+00
4.974617789415186e-02	3.649469e+00
4.999104452361614e-02	3.648176e+00
5.023591115308042e-02	3.646883e+00
5.048077778254470e-02	3.645591e+00
5.072564441200898e-02	3.644299e+00
5.097051104147326e-02	3.643008e+00
5.138604229147325e-02	3.640817e+00
5.143798369772325e-02	3.640543e+00
5.157896751468753e-02	3.639801e+00
5.171995133165181e-02	3.639058e+00
5.186093514861610e-02	3.638315e+00
5.200191896558037e-02	3.637573e+00
5.214290278254466e-02	3.636831e+00
5.228388659950894e-02	3.636089e+00
5.242487041647322e-02	3.635347e+00
5.247681182272322e-02	3.635074e+00
5.252875322897322e-02	3.634800e+00
5.258069463522322e-02	3.634527e+00
5.263263604147322e-02	3.634254e+00
5.268457744772322e-02	3.633981e+00
5.273651885397321e-02	3.633708e+00
5.278846026022321e-02	3.633434e+00
5.284040166647321e-02	3.633161e+00
5.289234307272321e-02	3.632888e+00
5.294428447897321e-02	3.632615e+00
5.299622588522321e-02	3.632342e+00
5.304816729147321e-02	3.632069e+00
5.310010869772321e-02	3.631796e+00
5.315205010397320e-02	3.631524e+00
5.318800000000000e-02	3.631335e+00
