time	V(n002)
0.000000000000000e+00	0.000000e+00
5.194140673125958e-10	1.915117e-20
1.038828134625192e-09	1.022228e-19
1.601347101921730e-05	-1.890397e-10
3.202590321029998e-05	-1.845372e-11
4.803833540138266e-05	5.117578e-10
6.405076759246534e-05	1.401595e-09
8.006319978354802e-05	2.651058e-09
9.607563197463069e-05	4.260146e-09
1.120880641657133e-04	6.228860e-09
1.351565441344490e-04	1.137780e-08
1.599485613911534e-04	2.032029e-08
1.867103637108254e-04	3.607352e-08
2.145738617150497e-04	6.312791e-08
2.436020387351809e-04	1.100252e-07
2.732131806334958e-04	1.902593e-07
3.034353721812000e-04	3.283921e-07
3.339310133261821e-04	5.646031e-07
3.647312845589723e-04	9.701379e-07
3.956569276727039e-04	1.663884e-06
4.267403318011624e-04	2.853505e-06
4.578909324506640e-04	4.889475e-06
4.891365052888185e-04	8.378787e-06
5.204327678080936e-04	1.435247e-05
5.518012857546490e-04	2.458765e-05
5.832217596546439e-04	4.211388e-05
6.147110879721962e-04	7.213873e-05
6.462631297188303e-04	1.235579e-04
6.778944984791688e-04	2.116379e-04
7.096119604412916e-04	3.624834e-04
7.414410617471611e-04	6.208438e-04
7.734119965536636e-04	1.063255e-03
8.055835273339787e-04	1.820759e-03
8.380482950742156e-04	3.117353e-03
8.709704827431681e-04	5.336090e-03
9.046331850169295e-04	9.132114e-03
9.395466581624668e-04	1.563450e-02
9.766602151492884e-04	2.682178e-02
1.017747761301206e-03	4.630112e-02
1.067284398930837e-03	8.078560e-02
1.119225805180837e-03	1.292153e-01
1.171167211430837e-03	1.883025e-01
1.223108617680837e-03	2.547675e-01
1.275050023930837e-03	3.254864e-01
1.326991430180837e-03	3.983190e-01
1.378932836430837e-03	4.720079e-01
1.482815648930837e-03	6.194800e-01
1.668320671252266e-03	8.805689e-01
1.853825693573695e-03	1.131683e+00
2.039330715895123e-03	1.372822e+00
2.224835738216552e-03	1.603987e+00
2.410340760537981e-03	1.825176e+00
2.595845782859410e-03	2.036391e+00
2.781350805180838e-03	2.237631e+00
2.966855827502266e-03	2.425536e+00
3.152360849823694e-03	2.599593e+00
3.337865872145123e-03	2.759802e+00
3.523370894466551e-03	2.906163e+00
3.708875916787980e-03	3.038676e+00
3.894380939109408e-03	3.157341e+00
4.079885961430836e-03	3.262158e+00
4.183768773930835e-03	3.313980e+00
4.287651586430834e-03	3.361480e+00
4.391534398930834e-03	3.404656e+00
4.495417211430833e-03	3.443509e+00
4.599300023930832e-03	3.478039e+00
4.703182836430831e-03	3.508246e+00
4.807065648930830e-03	3.534129e+00
4.910948461430829e-03	3.556399e+00
5.014831273930829e-03	3.575016e+00
5.118714086430828e-03	3.590236e+00
5.170655492680827e-03	3.596663e+00
5.222596898930827e-03	3.602353e+00
5.274538305180826e-03	3.607349e+00
5.326479711430826e-03	3.611695e+00
5.378421117680826e-03	3.615438e+00
5.430362523930825e-03	3.618624e+00
5.482303930180825e-03	3.621302e+00
5.534245336430824e-03	3.623518e+00
5.586186742680824e-03	3.625321e+00
5.638128148930823e-03	3.626757e+00
5.690069555180823e-03	3.627872e+00
5.742010961430823e-03	3.628706e+00
5.793952367680822e-03	3.629302e+00
5.845893773930822e-03	3.629696e+00
5.897835180180821e-03	3.629920e+00
5.949776586430821e-03	3.630005e+00
6.001717992680821e-03	3.629978e+00
6.053659398930820e-03	3.629860e+00
6.105600805180820e-03	3.629671e+00
6.157542211430819e-03	3.629426e+00
6.209483617680819e-03	3.629140e+00
6.261425023930818e-03	3.628821e+00
6.313366430180818e-03	3.628478e+00
6.365307836430818e-03	3.628118e+00
6.417249242680817e-03	3.627746e+00
6.469190648930817e-03	3.627364e+00
6.521132055180816e-03	3.626976e+00
6.573073461430816e-03	3.626584e+00
6.625014867680815e-03	3.626189e+00
6.676956273930815e-03	3.625792e+00
6.728897680180815e-03	3.625393e+00
6.780839086430814e-03	3.624994e+00
6.832780492680814e-03	3.624595e+00
6.884721898930813e-03	3.624195e+00
6.936663305180813e-03	3.623795e+00
6.988604711430813e-03	3.623394e+00
7.040546117680812e-03	3.622994e+00
7.092487523930812e-03	3.622594e+00
7.144428930180811e-03	3.622193e+00
7.196370336430811e-03	3.621793e+00
7.248311742680810e-03	3.621393e+00
7.300253148930810e-03	3.620993e+00
7.352194555180810e-03	3.620593e+00
7.404135961430809e-03	3.620193e+00
7.456077367680809e-03	3.619792e+00
7.508018773930808e-03	3.619392e+00
7.559960180180808e-03	3.618992e+00
7.663842992680807e-03	3.618193e+00
7.767725805180806e-03	3.617393e+00
7.923550023930807e-03	3.616194e+00
8.101634845359380e-03	3.614824e+00
8.279719666787953e-03	3.613454e+00
8.457804488216526e-03	3.612086e+00
8.635889309645099e-03	3.610717e+00
8.813974131073671e-03	3.609349e+00
8.992058952502244e-03	3.607982e+00
9.170143773930817e-03	3.606615e+00
9.415010403395105e-03	3.604737e+00
9.659877032859393e-03	3.602859e+00
9.904743662323681e-03	3.600982e+00
1.014961029178797e-02	3.599107e+00
1.039447692125226e-02	3.597232e+00
1.063934355071654e-02	3.595359e+00
1.088421018018083e-02	3.593486e+00
1.105487480071655e-02	3.592181e+00
1.122553942125226e-02	3.590877e+00
1.139620404178798e-02	3.589573e+00
1.156686866232370e-02	3.588270e+00
1.173753328285941e-02	3.586968e+00
1.190819790339513e-02	3.585665e+00
1.207886252393084e-02	3.584363e+00
1.223468674268084e-02	3.583175e+00
1.233856955518084e-02	3.582383e+00
1.239051096143085e-02	3.581988e+00
1.244245236768085e-02	3.581592e+00
1.249439377393085e-02	3.581196e+00
1.254633518018085e-02	3.580800e+00
1.259827658643085e-02	3.580405e+00
1.265021799268085e-02	3.580009e+00
1.270215939893085e-02	3.579613e+00
1.275410080518085e-02	3.579218e+00
1.280604221143085e-02	3.578822e+00
1.285798361768085e-02	3.578427e+00
1.290992502393085e-02	3.578031e+00
1.296186643018085e-02	3.577636e+00
1.301380783643085e-02	3.577241e+00
1.306574924268085e-02	3.576846e+00
1.311769064893085e-02	3.576451e+00
1.316963205518085e-02	3.576057e+00
1.322157346143085e-02	3.575664e+00
1.327351486768085e-02	3.575272e+00
1.332545627393085e-02	3.574881e+00
1.337739768018085e-02	3.574494e+00
1.342933908643085e-02	3.574110e+00
1.348128049268085e-02	3.573732e+00
1.353322189893085e-02	3.573364e+00
1.358516330518086e-02	3.573008e+00
1.363710471143086e-02	3.572671e+00
1.368904611768086e-02	3.572360e+00
1.374098752393086e-02	3.572085e+00
1.379292893018086e-02	3.571859e+00
1.384487033643086e-02	3.571700e+00
1.389681174268086e-02	3.571628e+00
1.394875314893086e-02	3.571669e+00
1.400069455518086e-02	3.571854e+00
1.405263596143086e-02	3.572220e+00
1.410457736768086e-02	3.572804e+00
1.415651877393086e-02	3.573651e+00
1.420846018018086e-02	3.574802e+00
1.426040158643086e-02	3.576299e+00
1.431234299268086e-02	3.578178e+00
1.446816721143086e-02	3.586301e+00
1.452010861768086e-02	3.589835e+00
1.457205002393086e-02	3.593740e+00
1.462399143018086e-02	3.597967e+00
1.467593283643086e-02	3.602456e+00
1.472787424268087e-02	3.607134e+00
1.477981564893087e-02	3.611928e+00
1.483175705518087e-02	3.616758e+00
1.488369846143087e-02	3.621552e+00
1.493563986768087e-02	3.626240e+00
1.498758127393087e-02	3.630760e+00
1.503952268018087e-02	3.635060e+00
1.509146408643087e-02	3.639096e+00
1.514340549268087e-02	3.642836e+00
1.535117111768087e-02	3.654504e+00
1.540311252393087e-02	3.656588e+00
1.545505393018087e-02	3.658359e+00
1.550699533643087e-02	3.659834e+00
1.555893674268087e-02	3.661036e+00
1.561087814893087e-02	3.661988e+00
1.566281955518087e-02	3.662716e+00
1.571476096143087e-02	3.663245e+00
1.576670236768087e-02	3.663602e+00
1.581864377393087e-02	3.663810e+00
1.587058518018087e-02	3.663892e+00
1.592252658643087e-02	3.663869e+00
1.597446799268086e-02	3.663760e+00
1.602640939893086e-02	3.663581e+00
1.607835080518086e-02	3.663347e+00
1.613029221143086e-02	3.663069e+00
1.618223361768086e-02	3.662758e+00
1.623417502393086e-02	3.662421e+00
1.628611643018086e-02	3.662064e+00
1.633805783643085e-02	3.661694e+00
1.638999924268085e-02	3.661313e+00
1.644194064893085e-02	3.660925e+00
1.649388205518085e-02	3.660531e+00
1.654582346143085e-02	3.660134e+00
1.659776486768085e-02	3.659734e+00
1.664970627393085e-02	3.659333e+00
1.670164768018085e-02	3.658931e+00
1.675358908643084e-02	3.658528e+00
1.680553049268084e-02	3.658124e+00
1.685747189893084e-02	3.657721e+00
1.690941330518084e-02	3.657317e+00
1.696135471143084e-02	3.656913e+00
1.701329611768084e-02	3.656509e+00
1.706523752393084e-02	3.656105e+00
1.711717893018084e-02	3.655701e+00
1.716912033643083e-02	3.655297e+00
1.722106174268083e-02	3.654893e+00
1.727300314893083e-02	3.654489e+00
1.732494455518083e-02	3.654085e+00
1.737688596143083e-02	3.653681e+00
1.742882736768083e-02	3.653278e+00
1.748076877393083e-02	3.652874e+00
1.753271018018083e-02	3.652470e+00
1.763659299268082e-02	3.651663e+00
1.774047580518082e-02	3.650856e+00
1.789630002393082e-02	3.649646e+00
1.807438484535938e-02	3.648263e+00
1.825246966678795e-02	3.646881e+00
1.843055448821652e-02	3.645499e+00
1.860863930964508e-02	3.644118e+00
1.878672413107365e-02	3.642738e+00
1.896480895250222e-02	3.641358e+00
1.914289377393079e-02	3.639978e+00
1.939518060428792e-02	3.638025e+00
1.964746743464506e-02	3.636073e+00
1.989975426500220e-02	3.634122e+00
2.015204109535933e-02	3.632171e+00
2.040432792571647e-02	3.630222e+00
2.065661475607361e-02	3.628274e+00
2.090890158643074e-02	3.626327e+00
2.107956620696645e-02	3.625010e+00
2.125023082750216e-02	3.623694e+00
2.142089544803787e-02	3.622379e+00
2.159156006857358e-02	3.621064e+00
2.176222468910929e-02	3.619749e+00
2.193288930964500e-02	3.618435e+00
2.210355393018071e-02	3.617121e+00
2.225937814893071e-02	3.615922e+00
2.236326096143071e-02	3.615123e+00
2.241520236768070e-02	3.614723e+00
2.246714377393070e-02	3.614324e+00
2.251908518018070e-02	3.613925e+00
2.257102658643070e-02	3.613525e+00
2.262296799268070e-02	3.613126e+00
2.267490939893070e-02	3.612727e+00
2.272685080518070e-02	3.612327e+00
2.277879221143069e-02	3.611928e+00
2.283073361768069e-02	3.611529e+00
2.288267502393069e-02	3.611130e+00
2.293461643018069e-02	3.610731e+00
2.298655783643069e-02	3.610332e+00
2.303849924268069e-02	3.609933e+00
2.309044064893069e-02	3.609535e+00
2.314238205518069e-02	3.609137e+00
2.319432346143068e-02	3.608739e+00
2.324626486768068e-02	3.608341e+00
2.329820627393068e-02	3.607945e+00
2.335014768018068e-02	3.607551e+00
2.340208908643068e-02	3.607158e+00
2.345403049268068e-02	3.606769e+00
2.350597189893068e-02	3.606386e+00
2.355791330518068e-02	3.606009e+00
2.360985471143067e-02	3.605644e+00
2.366179611768067e-02	3.605293e+00
2.371373752393067e-02	3.604964e+00
2.376567893018067e-02	3.604664e+00
2.381762033643067e-02	3.604404e+00
2.386956174268067e-02	3.604197e+00
2.392150314893067e-02	3.604059e+00
2.397344455518067e-02	3.604011e+00
2.402538596143066e-02	3.604077e+00
2.407732736768066e-02	3.604283e+00
2.412926877393066e-02	3.604661e+00
2.418121018018066e-02	3.605242e+00
2.423315158643066e-02	3.606060e+00
2.428509299268066e-02	3.607146e+00
2.433703439893066e-02	3.608529e+00
2.449285861768065e-02	3.614631e+00
2.454480002393065e-02	3.617323e+00
2.459674143018065e-02	3.620317e+00
2.464868283643065e-02	3.623578e+00
2.470062424268065e-02	3.627061e+00
2.475256564893065e-02	3.630713e+00
2.480450705518064e-02	3.634474e+00
2.485644846143064e-02	3.638284e+00
2.490838986768064e-02	3.642081e+00
2.496033127393064e-02	3.645807e+00
2.501227268018064e-02	3.649410e+00
2.506421408643064e-02	3.652843e+00
2.511615549268064e-02	3.656070e+00
2.516809689893064e-02	3.659059e+00
2.527197971143063e-02	3.664247e+00
2.537586252393063e-02	3.668325e+00
2.542780393018063e-02	3.669954e+00
2.547974533643063e-02	3.671321e+00
2.553168674268063e-02	3.672444e+00
2.558362814893063e-02	3.673340e+00
2.563556955518062e-02	3.674030e+00
2.568751096143062e-02	3.674535e+00
2.573945236768062e-02	3.674877e+00
2.579139377393062e-02	3.675077e+00
2.584333518018062e-02	3.675156e+00
2.589527658643062e-02	3.675134e+00
2.594721799268062e-02	3.675027e+00
2.599915939893062e-02	3.674851e+00
2.605110080518061e-02	3.674621e+00
2.610304221143061e-02	3.674346e+00
2.615498361768061e-02	3.674037e+00
2.620692502393061e-02	3.673702e+00
2.625886643018061e-02	3.673347e+00
2.631080783643061e-02	3.672977e+00
2.636274924268061e-02	3.672597e+00
2.641469064893060e-02	3.672209e+00
2.646663205518060e-02	3.671815e+00
2.651857346143060e-02	3.671417e+00
2.657051486768060e-02	3.671017e+00
2.662245627393060e-02	3.670615e+00
2.667439768018060e-02	3.670212e+00
2.672633908643060e-02	3.669807e+00
2.677828049268060e-02	3.669403e+00
2.683022189893059e-02	3.668998e+00
2.688216330518059e-02	3.668593e+00
2.693410471143059e-02	3.668188e+00
2.698604611768059e-02	3.667783e+00
2.703798752393059e-02	3.667377e+00
2.708992893018059e-02	3.666972e+00
2.714187033643059e-02	3.666567e+00
2.719381174268059e-02	3.666162e+00
2.724575314893058e-02	3.665756e+00
2.729769455518058e-02	3.665351e+00
2.734963596143058e-02	3.664946e+00
2.740157736768058e-02	3.664541e+00
2.745351877393058e-02	3.664136e+00
2.750546018018058e-02	3.663731e+00
2.760934299268058e-02	3.662922e+00
2.771322580518057e-02	3.662112e+00
2.786905002393057e-02	3.660898e+00
2.804713484535913e-02	3.659511e+00
2.822521966678770e-02	3.658125e+00
2.840330448821627e-02	3.656739e+00
2.858138930964484e-02	3.655354e+00
2.875947413107341e-02	3.653969e+00
2.893755895250197e-02	3.652585e+00
2.911564377393054e-02	3.651201e+00
2.936793060428768e-02	3.649242e+00
2.962021743464481e-02	3.647283e+00
2.987250426500195e-02	3.645326e+00
3.012479109535908e-02	3.643370e+00
3.037707792571622e-02	3.641415e+00
3.062936475607336e-02	3.639461e+00
3.088165158643049e-02	3.637507e+00
3.105231620696620e-02	3.636187e+00
3.122298082750192e-02	3.634867e+00
3.139364544803763e-02	3.633547e+00
3.156431006857334e-02	3.632228e+00
3.173497468910905e-02	3.630909e+00
3.190563930964476e-02	3.629591e+00
3.207630393018047e-02	3.628273e+00
3.223212814893046e-02	3.627071e+00
3.233601096143046e-02	3.626269e+00
3.243989377393046e-02	3.625468e+00
3.249183518018046e-02	3.625067e+00
3.254377658643046e-02	3.624666e+00
3.259571799268045e-02	3.624266e+00
3.264765939893045e-02	3.623865e+00
3.269960080518045e-02	3.623465e+00
3.275154221143045e-02	3.623065e+00
3.280348361768045e-02	3.622664e+00
3.285542502393045e-02	3.622264e+00
3.290736643018045e-02	3.621864e+00
3.295930783643045e-02	3.621463e+00
3.301124924268044e-02	3.621063e+00
3.306319064893044e-02	3.620663e+00
3.311513205518044e-02	3.620264e+00
3.316707346143044e-02	3.619864e+00
3.321901486768044e-02	3.619465e+00
3.327095627393044e-02	3.619067e+00
3.332289768018044e-02	3.618670e+00
3.337483908643044e-02	3.618275e+00
3.342678049268043e-02	3.617882e+00
3.347872189893043e-02	3.617492e+00
3.353066330518043e-02	3.617108e+00
3.358260471143043e-02	3.616732e+00
3.363454611768043e-02	3.616368e+00
3.368648752393043e-02	3.616019e+00
3.373842893018043e-02	3.615692e+00
3.379037033643043e-02	3.615395e+00
3.384231174268042e-02	3.615139e+00
3.389425314893042e-02	3.614936e+00
3.394619455518042e-02	3.614804e+00
3.399813596143042e-02	3.614761e+00
3.405007736768042e-02	3.614830e+00
3.410201877393042e-02	3.615037e+00
3.415396018018042e-02	3.615411e+00
3.420590158643042e-02	3.615981e+00
3.425784299268041e-02	3.616778e+00
3.430978439893041e-02	3.617830e+00
3.436172580518041e-02	3.619162e+00
3.451755002393041e-02	3.624968e+00
3.456949143018041e-02	3.627504e+00
3.462143283643040e-02	3.630312e+00
3.467337424268040e-02	3.633357e+00
3.472531564893040e-02	3.636596e+00
3.477725705518040e-02	3.639977e+00
3.482919846143040e-02	3.643446e+00
3.488113986768040e-02	3.646946e+00
3.493308127393040e-02	3.650421e+00
3.498502268018040e-02	3.653818e+00
3.503696408643039e-02	3.657089e+00
3.508890549268039e-02	3.660194e+00
3.514084689893039e-02	3.663098e+00
3.519278830518039e-02	3.665775e+00
3.540055393018039e-02	3.673950e+00
3.545249533643038e-02	3.675355e+00
3.550443674268038e-02	3.676521e+00
3.555637814893038e-02	3.677463e+00
3.560831955518038e-02	3.678199e+00
3.566026096143038e-02	3.678749e+00
3.571220236768038e-02	3.679133e+00
3.576414377393038e-02	3.679373e+00
3.581608518018038e-02	3.679487e+00
3.586802658643037e-02	3.679495e+00
3.591996799268037e-02	3.679414e+00
3.597190939893037e-02	3.679260e+00
3.602385080518037e-02	3.679046e+00
3.607579221143037e-02	3.678785e+00
3.612773361768037e-02	3.678488e+00
3.617967502393037e-02	3.678161e+00
3.623161643018036e-02	3.677813e+00
3.628355783643036e-02	3.677448e+00
3.633549924268036e-02	3.677071e+00
3.638744064893036e-02	3.676685e+00
3.643938205518036e-02	3.676292e+00
3.649132346143036e-02	3.675896e+00
3.654326486768036e-02	3.675496e+00
3.659520627393036e-02	3.675094e+00
3.664714768018035e-02	3.674691e+00
3.669908908643035e-02	3.674286e+00
3.675103049268035e-02	3.673882e+00
3.680297189893035e-02	3.673476e+00
3.685491330518035e-02	3.673071e+00
3.690685471143035e-02	3.672665e+00
3.695879611768035e-02	3.672259e+00
3.701073752393035e-02	3.671854e+00
3.706267893018034e-02	3.671448e+00
3.711462033643034e-02	3.671042e+00
3.716656174268034e-02	3.670636e+00
3.721850314893034e-02	3.670231e+00
3.727044455518034e-02	3.669825e+00
3.732238596143034e-02	3.669420e+00
3.737432736768034e-02	3.669014e+00
3.742626877393034e-02	3.668609e+00
3.747821018018033e-02	3.668203e+00
3.753015158643033e-02	3.667798e+00
3.763403439893033e-02	3.666987e+00
3.773791721143033e-02	3.666177e+00
3.789374143018032e-02	3.664962e+00
3.807182625160889e-02	3.663573e+00
3.824991107303746e-02	3.662185e+00
3.842799589446602e-02	3.660798e+00
3.860608071589459e-02	3.659411e+00
3.878416553732316e-02	3.658025e+00
3.896225035875173e-02	3.656639e+00
3.914033518018029e-02	3.655254e+00
3.939262201053743e-02	3.653292e+00
3.964490884089457e-02	3.651332e+00
3.989719567125170e-02	3.649372e+00
4.014948250160884e-02	3.647414e+00
4.040176933196597e-02	3.645457e+00
4.065405616232311e-02	3.643500e+00
4.090634299268025e-02	3.641545e+00
4.107700761321596e-02	3.640223e+00
4.124767223375167e-02	3.638901e+00
4.141833685428738e-02	3.637580e+00
4.158900147482309e-02	3.636259e+00
4.175966609535880e-02	3.634939e+00
4.193033071589451e-02	3.633620e+00
4.210099533643022e-02	3.632301e+00
4.225681955518022e-02	3.631097e+00
4.236070236768021e-02	3.630294e+00
4.246458518018021e-02	3.629492e+00
4.251652658643021e-02	3.629091e+00
4.256846799268021e-02	3.628690e+00
4.262040939893021e-02	3.628289e+00
4.267235080518021e-02	3.627888e+00
4.272429221143020e-02	3.627487e+00
4.277623361768020e-02	3.627086e+00
4.282817502393020e-02	3.626685e+00
4.288011643018020e-02	3.626284e+00
4.293205783643020e-02	3.625884e+00
4.298399924268020e-02	3.625483e+00
4.303594064893020e-02	3.625082e+00
4.308788205518019e-02	3.624682e+00
4.313982346143019e-02	3.624282e+00
4.319176486768019e-02	3.623883e+00
4.324370627393019e-02	3.623483e+00
4.329564768018019e-02	3.623085e+00
4.334758908643019e-02	3.622688e+00
4.339953049268019e-02	3.622293e+00
4.345147189893019e-02	3.621901e+00
4.350341330518018e-02	3.621513e+00
4.355535471143018e-02	3.621131e+00
4.360729611768018e-02	3.620758e+00
4.365923752393018e-02	3.620398e+00
4.371117893018018e-02	3.620055e+00
4.376312033643018e-02	3.619737e+00
4.381506174268018e-02	3.619452e+00
4.386700314893018e-02	3.619212e+00
4.391894455518017e-02	3.619030e+00
4.397088596143017e-02	3.618922e+00
4.402282736768017e-02	3.618911e+00
4.407476877393017e-02	3.619018e+00
4.412671018018017e-02	3.619271e+00
4.417865158643017e-02	3.619696e+00
4.423059299268017e-02	3.620324e+00
4.428253439893017e-02	3.621182e+00
4.433447580518016e-02	3.622298e+00
4.438641721143016e-02	3.623691e+00
4.449030002393016e-02	3.627362e+00
4.454224143018016e-02	3.629639e+00
4.459418283643016e-02	3.632195e+00
4.464612424268016e-02	3.635001e+00
4.469806564893015e-02	3.638021e+00
4.475000705518015e-02	3.641211e+00
4.480194846143015e-02	3.644519e+00
4.485388986768015e-02	3.647891e+00
4.490583127393015e-02	3.651271e+00
4.495777268018015e-02	3.654607e+00
4.500971408643015e-02	3.657848e+00
4.506165549268015e-02	3.660951e+00
4.511359689893014e-02	3.663878e+00
4.516553830518014e-02	3.666599e+00
4.526942111768014e-02	3.671339e+00
4.537330393018014e-02	3.675078e+00
4.542524533643014e-02	3.676572e+00
4.547718674268014e-02	3.677826e+00
4.552912814893013e-02	3.678853e+00
4.558106955518013e-02	3.679669e+00
4.563301096143013e-02	3.680293e+00
4.568495236768013e-02	3.680745e+00
4.573689377393013e-02	3.681043e+00
4.578883518018013e-02	3.681209e+00
4.584077658643013e-02	3.681261e+00
4.589271799268013e-02	3.681218e+00
4.594465939893012e-02	3.681094e+00
4.599660080518012e-02	3.680906e+00
4.604854221143012e-02	3.680665e+00
4.610048361768012e-02	3.680383e+00
4.615242502393012e-02	3.680069e+00
4.620436643018012e-02	3.679729e+00
4.625630783643012e-02	3.679372e+00
4.630824924268011e-02	3.678999e+00
4.636019064893011e-02	3.678617e+00
4.641213205518011e-02	3.678227e+00
4.646407346143011e-02	3.677833e+00
4.651601486768011e-02	3.677434e+00
4.656795627393011e-02	3.677032e+00
4.661989768018011e-02	3.676630e+00
4.667183908643011e-02	3.676226e+00
4.672378049268010e-02	3.675821e+00
4.677572189893010e-02	3.675416e+00
4.682766330518010e-02	3.675010e+00
4.687960471143010e-02	3.674604e+00
4.693154611768010e-02	3.674198e+00
4.698348752393010e-02	3.673792e+00
4.703542893018010e-02	3.673386e+00
4.708737033643010e-02	3.672981e+00
4.713931174268009e-02	3.672575e+00
4.719125314893009e-02	3.672169e+00
4.724319455518009e-02	3.671763e+00
4.729513596143009e-02	3.671357e+00
4.734707736768009e-02	3.670952e+00
4.739901877393009e-02	3.670546e+00
4.745096018018009e-02	3.670140e+00
4.750290158643009e-02	3.669735e+00
4.760678439893008e-02	3.668924e+00
4.771066721143008e-02	3.668113e+00
4.786649143018008e-02	3.666897e+00
4.804457625160864e-02	3.665508e+00
4.822266107303721e-02	3.664119e+00
4.840074589446577e-02	3.662731e+00
4.857883071589435e-02	3.661343e+00
4.875691553732291e-02	3.659956e+00
4.893500035875148e-02	3.658570e+00
4.911308518018005e-02	3.657184e+00
4.936537201053718e-02	3.655221e+00
4.961765884089432e-02	3.653260e+00
4.986994567125146e-02	3.651299e+00
5.012223250160859e-02	3.649340e+00
5.037451933196573e-02	3.647381e+00
5.062680616232287e-02	3.645424e+00
5.087909299268000e-02	3.643468e+00
5.095329500160857e-02	3.642892e+00
5.102749701053714e-02	3.642317e+00
5.110169901946571e-02	3.641742e+00
5.117590102839428e-02	3.641167e+00
5.125010303732285e-02	3.640593e+00
5.132430504625142e-02	3.640018e+00
5.139850705517999e-02	3.639443e+00
5.145044846142999e-02	3.639041e+00
5.158401207750141e-02	3.638007e+00
5.171757569357284e-02	3.636973e+00
5.185113930964427e-02	3.635940e+00
5.198470292571569e-02	3.634907e+00
5.211826654178711e-02	3.633874e+00
5.225183015785854e-02	3.632842e+00
5.238539377392996e-02	3.631809e+00
5.243733518017996e-02	3.631408e+00
5.248927658642996e-02	3.631007e+00
5.254121799267996e-02	3.630605e+00
5.259315939892996e-02	3.630204e+00
5.264510080517996e-02	3.629803e+00
5.269704221142996e-02	3.629402e+00
5.274898361767996e-02	3.629001e+00
5.280092502392995e-02	3.628600e+00
5.285286643017995e-02	3.628199e+00
5.290480783642995e-02	3.627798e+00
5.295674924267995e-02	3.627397e+00
5.300869064892995e-02	3.626997e+00
5.306063205517995e-02	3.626596e+00
5.311257346142995e-02	3.626195e+00
5.316451486767994e-02	3.625795e+00
5.318800000000000e-02	3.625615e+00
