time	V(n002)
0.000000000000000e+00	0.000000e+00
5.194140673125958e-10	1.915114e-19
1.038828134625192e-09	1.022227e-18
1.601742925022050e-05	-1.890194e-09
3.203381967230637e-05	-1.835506e-10
4.805021009439224e-05	5.119931e-09
6.406660051647812e-05	1.402025e-08
8.008299093856399e-05	2.651741e-08
9.609938136064986e-05	4.261140e-08
1.121157717827357e-04	6.230223e-08
1.351915791991706e-04	1.138031e-07
1.599910657916771e-04	2.032477e-07
1.867595249076106e-04	3.608098e-07
2.146289907145788e-04	6.314023e-07
2.436619813036232e-04	1.100449e-06
2.732771739313947e-04	1.902910e-06
3.035025808155815e-04	3.284427e-06
3.340011076031672e-04	5.646852e-06
3.648041340166766e-04	9.702708e-06
3.957330538786745e-04	1.664100e-05
4.268208915635112e-04	2.853853e-05
4.579783339023915e-04	4.890025e-05
4.892350083433118e-04	8.379605e-05
5.205498930617523e-04	1.435353e-04
5.519500045355569e-04	2.458848e-04
5.834244354055104e-04	4.211250e-04
6.150062062055780e-04	7.212823e-04
6.467169388748987e-04	1.235167e-03
6.786213215998167e-04	2.115022e-03
7.108096202646677e-04	3.620746e-03
7.434541077769586e-04	6.196973e-03
7.768464770614425e-04	1.060326e-02
8.115255776767899e-04	1.814874e-02
8.485102762873007e-04	3.112883e-02
8.897715071792936e-04	5.375983e-02
9.406431915759363e-04	9.408037e-02
9.925845978259362e-04	1.478922e-01
1.042689447721924e-03	2.096160e-01
1.094630853971924e-03	2.799494e-01
1.146572260221924e-03	3.535215e-01
1.198513666471924e-03	4.284996e-01
1.302396478971924e-03	5.791844e-01
1.480481300400496e-03	8.361220e-01
1.658566121829067e-03	1.084594e+00
1.836650943257639e-03	1.324600e+00
2.014735764686210e-03	1.556140e+00
2.192820586114782e-03	1.779215e+00
2.370905407543354e-03	1.993823e+00
2.548990228971924e-03	2.199966e+00
2.756755853971924e-03	2.426328e+00
2.964521478971925e-03	2.635571e+00
3.172287103971925e-03	2.827693e+00
3.380052728971925e-03	3.002695e+00
3.587818353971925e-03	3.160577e+00
3.795583978971925e-03	3.301339e+00
4.003349603971924e-03	3.424980e+00
4.114652617364781e-03	3.482828e+00
4.225955630757637e-03	3.535516e+00
4.337258644150493e-03	3.583043e+00
4.448561657543350e-03	3.625409e+00
4.559864670936206e-03	3.662614e+00
4.671167684329063e-03	3.694658e+00
4.782470697721918e-03	3.721542e+00
4.938294916471917e-03	3.751496e+00
5.042177728971916e-03	3.766558e+00
5.094119135221916e-03	3.772695e+00
5.146060541471915e-03	3.777943e+00
5.198001947721915e-03	3.782335e+00
5.249943353971914e-03	3.785907e+00
5.301884760221914e-03	3.788696e+00
5.353826166471913e-03	3.790742e+00
5.405767572721913e-03	3.792089e+00
5.457708978971913e-03	3.792780e+00
5.509650385221912e-03	3.792861e+00
5.561591791471912e-03	3.792379e+00
5.613533197721911e-03	3.791381e+00
5.665474603971911e-03	3.789916e+00
5.717416010221910e-03	3.788030e+00
5.769357416471910e-03	3.785771e+00
5.821298822721910e-03	3.783184e+00
5.873240228971909e-03	3.780311e+00
5.925181635221909e-03	3.777194e+00
5.977123041471908e-03	3.773869e+00
6.029064447721908e-03	3.770372e+00
6.081005853971908e-03	3.766732e+00
6.132947260221907e-03	3.762976e+00
6.184888666471907e-03	3.759129e+00
6.236830072721906e-03	3.755209e+00
6.288771478971906e-03	3.751235e+00
6.340712885221905e-03	3.747218e+00
6.392654291471905e-03	3.743171e+00
6.444595697721905e-03	3.739103e+00
6.496537103971904e-03	3.735019e+00
6.548478510221904e-03	3.730926e+00
6.600419916471903e-03	3.726827e+00
6.652361322721903e-03	3.722726e+00
6.704302728971902e-03	3.718624e+00
6.756244135221902e-03	3.714524e+00
6.808185541471902e-03	3.710425e+00
6.860126947721901e-03	3.706330e+00
6.912068353971901e-03	3.702238e+00
6.964009760221900e-03	3.698150e+00
7.015951166471900e-03	3.694066e+00
7.067892572721900e-03	3.689986e+00
7.119833978971899e-03	3.685910e+00
7.171775385221899e-03	3.681839e+00
7.223716791471898e-03	3.677773e+00
7.275658197721898e-03	3.673711e+00
7.327599603971897e-03	3.669653e+00
7.379541010221897e-03	3.665600e+00
7.431482416471897e-03	3.661551e+00
7.483423822721896e-03	3.657506e+00
7.535365228971896e-03	3.653467e+00
7.639248041471895e-03	3.645401e+00
7.743130853971894e-03	3.637352e+00
7.898955072721894e-03	3.625312e+00
8.069619693257609e-03	3.612172e+00
8.240284313793325e-03	3.599080e+00
8.410948934329041e-03	3.586034e+00
8.581613554864757e-03	3.573036e+00
8.752278175400472e-03	3.560085e+00
8.922942795936188e-03	3.547181e+00
9.093607416471904e-03	3.534324e+00
9.338474045936192e-03	3.515960e+00
9.583340675400480e-03	3.497689e+00
9.828207304864767e-03	3.479513e+00
1.007307393432906e-02	3.461431e+00
1.031794056379334e-02	3.443443e+00
1.056280719325763e-02	3.425550e+00
1.080767382272192e-02	3.407750e+00
1.097091824236478e-02	3.395935e+00
1.113416266200764e-02	3.384161e+00
1.129740708165049e-02	3.372427e+00
1.146065150129335e-02	3.360733e+00
1.162389592093621e-02	3.349080e+00
1.178714034057907e-02	3.337468e+00
1.195038476022193e-02	3.325897e+00
1.205426757272193e-02	3.318554e+00
1.215815038522193e-02	3.311227e+00
1.221009179147193e-02	3.307570e+00
1.226203319772193e-02	3.303916e+00
1.231397460397193e-02	3.300267e+00
1.236591601022193e-02	3.296622e+00
1.241785741647193e-02	3.292981e+00
1.246979882272193e-02	3.289344e+00
1.252174022897193e-02	3.285711e+00
1.257368163522193e-02	3.282082e+00
1.262562304147193e-02	3.278458e+00
1.267756444772193e-02	3.274838e+00
1.272950585397194e-02	3.271225e+00
1.278144726022194e-02	3.267618e+00
1.283338866647194e-02	3.264020e+00
1.288533007272194e-02	3.260436e+00
1.293727147897194e-02	3.256872e+00
1.298921288522194e-02	3.253341e+00
1.304108532956520e-02	3.249870e+00
1.309302673581520e-02	3.246484e+00
1.314496814206520e-02	3.243248e+00
1.319690954831520e-02	3.240254e+00
1.324885095456520e-02	3.237652e+00
1.330079236081520e-02	3.235666e+00
1.335273376706521e-02	3.234622e+00
1.340467517331521e-02	3.234965e+00
1.345661657956521e-02	3.237256e+00
1.350855798581521e-02	3.242119e+00
1.356049939206521e-02	3.250144e+00
1.361244079831521e-02	3.261739e+00
1.366438220456521e-02	3.277000e+00
1.371632361081521e-02	3.295675e+00
1.376826501706521e-02	3.317215e+00
1.382020642331521e-02	3.340914e+00
1.387214782956521e-02	3.366043e+00
1.392408923581521e-02	3.391956e+00
1.397603064206521e-02	3.418119e+00
1.402797204831521e-02	3.444122e+00
1.407991345456521e-02	3.469667e+00
1.418379626706521e-02	3.518602e+00
1.433962048581521e-02	3.585043e+00
1.441382249474379e-02	3.613369e+00
1.448802450367236e-02	3.639513e+00
1.456222651260093e-02	3.663476e+00
1.463642852152950e-02	3.685257e+00
1.471063053045807e-02	3.704856e+00
1.478483253938665e-02	3.722274e+00
1.485903454831522e-02	3.737511e+00
1.496291736081522e-02	3.755497e+00
1.506680017331522e-02	3.769648e+00
1.511874157956522e-02	3.775352e+00
1.517068298581522e-02	3.780185e+00
1.522262439206522e-02	3.784178e+00
1.527456579831522e-02	3.787370e+00
1.532650720456522e-02	3.789799e+00
1.537844861081522e-02	3.791506e+00
1.543039001706522e-02	3.792534e+00
1.548233142331522e-02	3.792928e+00
1.553427282956522e-02	3.792734e+00
1.558621423581522e-02	3.792000e+00
1.563815564206522e-02	3.790774e+00
1.569009704831522e-02	3.789102e+00
1.574203845456522e-02	3.787033e+00
1.579397986081522e-02	3.784612e+00
1.584592126706522e-02	3.781884e+00
1.589786267331522e-02	3.778890e+00
1.594980407956522e-02	3.775670e+00
1.600174548581522e-02	3.772259e+00
1.605368689206521e-02	3.768690e+00
1.610562829831521e-02	3.764992e+00
1.615756970456521e-02	3.761190e+00
1.620951111081521e-02	3.757306e+00
1.626145251706521e-02	3.753359e+00
1.631339392331521e-02	3.749362e+00
1.636533532956521e-02	3.745330e+00
1.641727673581521e-02	3.741272e+00
1.646921814206520e-02	3.737195e+00
1.652115954831520e-02	3.733107e+00
1.657310095456520e-02	3.729011e+00
1.662504236081520e-02	3.724910e+00
1.667698376706520e-02	3.720809e+00
1.672892517331520e-02	3.716707e+00
1.678086657956520e-02	3.712607e+00
1.683280798581520e-02	3.708510e+00
1.688474939206519e-02	3.704417e+00
1.693669079831519e-02	3.700326e+00
1.698863220456519e-02	3.696240e+00
1.704057361081519e-02	3.692158e+00
1.709251501706519e-02	3.688080e+00
1.714445642331519e-02	3.684007e+00
1.719639782956519e-02	3.679938e+00
1.724833923581518e-02	3.675873e+00
1.730028064206518e-02	3.671813e+00
1.735222204831518e-02	3.667758e+00
1.740416345456518e-02	3.663706e+00
1.745610486081518e-02	3.659660e+00
1.750804626706518e-02	3.655617e+00
1.761192907956518e-02	3.647546e+00
1.771581189206517e-02	3.639493e+00
1.787163611081517e-02	3.627447e+00
1.804230073135088e-02	3.614299e+00
1.821296535188659e-02	3.601198e+00
1.838362997242230e-02	3.588145e+00
1.855429459295801e-02	3.575139e+00
1.872495921349372e-02	3.562180e+00
1.889562383402943e-02	3.549269e+00
1.906628845456514e-02	3.536405e+00
1.931115508402942e-02	3.518029e+00
1.955602171349370e-02	3.499748e+00
1.980088834295798e-02	3.481561e+00
2.004575497242226e-02	3.463469e+00
2.029062160188654e-02	3.445470e+00
2.053548823135082e-02	3.427566e+00
2.078035486081510e-02	3.409756e+00
2.094359928045795e-02	3.397934e+00
2.110684370010080e-02	3.386153e+00
2.127008811974366e-02	3.374412e+00
2.143333253938651e-02	3.362711e+00
2.159657695902936e-02	3.351052e+00
2.175982137867222e-02	3.339433e+00
2.192306579831507e-02	3.327855e+00
2.207889001706506e-02	3.316840e+00
2.218277282956506e-02	3.309517e+00
2.223471423581506e-02	3.305861e+00
2.228665564206506e-02	3.302210e+00
2.233859704831506e-02	3.298562e+00
2.239053845456506e-02	3.294919e+00
2.244247986081506e-02	3.291280e+00
2.249442126706505e-02	3.287645e+00
2.254636267331505e-02	3.284014e+00
2.259830407956505e-02	3.280387e+00
2.265024548581505e-02	3.276765e+00
2.270218689206505e-02	3.273148e+00
2.275412829831505e-02	3.269537e+00
2.280606970456505e-02	3.265934e+00
2.285801111081505e-02	3.262342e+00
2.290995251706504e-02	3.258767e+00
2.296189392331504e-02	3.255217e+00
2.301383532956504e-02	3.251709e+00
2.306577673581504e-02	3.248270e+00
2.311771814206504e-02	3.244946e+00
2.316965954831504e-02	3.241810e+00
2.322160095456504e-02	3.238979e+00
2.327354236081504e-02	3.236636e+00
2.332548376706503e-02	3.235050e+00
2.337742517331503e-02	3.234601e+00
2.342936657956503e-02	3.235794e+00
2.348130798581503e-02	3.239228e+00
2.353324939206503e-02	3.245529e+00
2.358519079831503e-02	3.255217e+00
2.363713220456503e-02	3.268561e+00
2.368907361081503e-02	3.285493e+00
2.374101501706502e-02	3.305606e+00
2.379295642331502e-02	3.328258e+00
2.384489782956502e-02	3.352718e+00
2.389683923581502e-02	3.378294e+00
2.394878064206502e-02	3.404386e+00
2.400072204831502e-02	3.430518e+00
2.405266345456502e-02	3.456336e+00
2.410460486081501e-02	3.481585e+00
2.420848767331501e-02	3.529723e+00
2.436431189206501e-02	3.594720e+00
2.443851390099358e-02	3.622305e+00
2.451271590992215e-02	3.647715e+00
2.458691791885072e-02	3.670950e+00
2.466111992777929e-02	3.692011e+00
2.473532193670785e-02	3.710897e+00
2.480952394563643e-02	3.727607e+00
2.488372595456500e-02	3.742144e+00
2.498760876706499e-02	3.759201e+00
2.509149157956499e-02	3.772470e+00
2.514343298581499e-02	3.777756e+00
2.519537439206499e-02	3.782185e+00
2.524731579831499e-02	3.785793e+00
2.529925720456499e-02	3.788617e+00
2.535119861081498e-02	3.790698e+00
2.540314001706498e-02	3.792076e+00
2.545508142331498e-02	3.792797e+00
2.550702282956498e-02	3.792906e+00
2.555896423581498e-02	3.792450e+00
2.561090564206498e-02	3.791476e+00
2.566284704831498e-02	3.790032e+00
2.571478845456497e-02	3.788165e+00
2.576672986081497e-02	3.785923e+00
2.581867126706497e-02	3.783351e+00
2.587061267331497e-02	3.780492e+00
2.592255407956497e-02	3.777385e+00
2.597449548581497e-02	3.774070e+00
2.602643689206497e-02	3.770580e+00
2.607837829831497e-02	3.766947e+00
2.613031970456496e-02	3.763196e+00
2.618226111081496e-02	3.759353e+00
2.623420251706496e-02	3.755437e+00
2.628614392331496e-02	3.751464e+00
2.633808532956496e-02	3.747450e+00
2.639002673581496e-02	3.743404e+00
2.644196814206496e-02	3.739336e+00
2.649390954831496e-02	3.735253e+00
2.654585095456495e-02	3.731160e+00
2.659779236081495e-02	3.727062e+00
2.664973376706495e-02	3.722960e+00
2.670167517331495e-02	3.718859e+00
2.675361657956495e-02	3.714758e+00
2.680555798581495e-02	3.710660e+00
2.685749939206495e-02	3.706564e+00
2.690944079831495e-02	3.702471e+00
2.696138220456494e-02	3.698383e+00
2.701332361081494e-02	3.694299e+00
2.706526501706494e-02	3.690219e+00
2.711720642331494e-02	3.686143e+00
2.716914782956494e-02	3.682072e+00
2.722108923581494e-02	3.678005e+00
2.727303064206494e-02	3.673943e+00
2.732497204831493e-02	3.669885e+00
2.737691345456493e-02	3.665831e+00
2.742885486081493e-02	3.661782e+00
2.748079626706493e-02	3.657737e+00
2.753273767331493e-02	3.653697e+00
2.763662048581493e-02	3.645631e+00
2.774050329831492e-02	3.637582e+00
2.789632751706492e-02	3.625541e+00
2.806699213760063e-02	3.612400e+00
2.823765675813634e-02	3.599307e+00
2.840832137867205e-02	3.586261e+00
2.857898599920776e-02	3.573261e+00
2.874965061974347e-02	3.560309e+00
2.892031524027918e-02	3.547405e+00
2.909097986081489e-02	3.534547e+00
2.933584649027917e-02	3.516182e+00
2.958071311974345e-02	3.497910e+00
2.982557974920773e-02	3.479733e+00
3.007044637867201e-02	3.461650e+00
3.031531300813629e-02	3.443661e+00
3.056017963760057e-02	3.425766e+00
3.080504626706485e-02	3.407966e+00
3.096829068670770e-02	3.396150e+00
3.113153510635056e-02	3.384374e+00
3.129477952599341e-02	3.372640e+00
3.145802394563627e-02	3.360945e+00
3.162126836527911e-02	3.349292e+00
3.178451278492197e-02	3.337679e+00
3.194775720456482e-02	3.326107e+00
3.210358142331482e-02	3.315098e+00
3.220746423581482e-02	3.307778e+00
3.225940564206482e-02	3.304125e+00
3.231134704831481e-02	3.300475e+00
3.236328845456481e-02	3.296830e+00
3.241522986081481e-02	3.293189e+00
3.246717126706481e-02	3.289551e+00
3.251911267331481e-02	3.285918e+00
3.257105407956481e-02	3.282289e+00
3.262299548581481e-02	3.278665e+00
3.267493689206481e-02	3.275045e+00
3.272687829831480e-02	3.271431e+00
3.277881970456480e-02	3.267824e+00
3.283076111081480e-02	3.264225e+00
3.288270251706480e-02	3.260640e+00
3.293464392331480e-02	3.257075e+00
3.298658532956480e-02	3.253542e+00
3.303844788088823e-02	3.250068e+00
3.309038928713823e-02	3.246677e+00
3.314233069338823e-02	3.243430e+00
3.319427209963823e-02	3.240421e+00
3.324621350588822e-02	3.237794e+00
3.329815491213822e-02	3.235770e+00
3.335009631838822e-02	3.234667e+00
3.340203772463822e-02	3.234927e+00
3.345397913088822e-02	3.237102e+00
3.350592053713822e-02	3.241818e+00
3.355786194338822e-02	3.249670e+00
3.366174475588821e-02	3.276151e+00
3.371368616213821e-02	3.294661e+00
3.376562756838821e-02	3.316070e+00
3.381756897463821e-02	3.339674e+00
3.386951038088821e-02	3.364746e+00
3.392145178713821e-02	3.390632e+00
3.397339319338821e-02	3.416793e+00
3.402533459963820e-02	3.442812e+00
3.407727600588820e-02	3.468386e+00
3.418115881838820e-02	3.517403e+00
3.433698303713820e-02	3.583995e+00
3.441118504606677e-02	3.612400e+00
3.448538705499533e-02	3.638622e+00
3.455958906392390e-02	3.662663e+00
3.463379107285248e-02	3.684521e+00
3.470799308178105e-02	3.704197e+00
3.478219509070962e-02	3.721691e+00
3.485639709963818e-02	3.737002e+00
3.496027991213818e-02	3.755089e+00
3.506416272463818e-02	3.769334e+00
3.511610413088818e-02	3.775084e+00
3.516804553713818e-02	3.779960e+00
3.521998694338817e-02	3.783995e+00
3.527192834963817e-02	3.787227e+00
3.532386975588817e-02	3.789693e+00
3.537581116213817e-02	3.791436e+00
3.542775256838817e-02	3.792497e+00
3.547969397463817e-02	3.792922e+00
3.553163538088817e-02	3.792758e+00
3.558357678713817e-02	3.792050e+00
3.563551819338816e-02	3.790847e+00
3.568745959963816e-02	3.789197e+00
3.573940100588816e-02	3.787147e+00
3.579134241213816e-02	3.784743e+00
3.584328381838816e-02	3.782029e+00
3.589522522463816e-02	3.779048e+00
3.594716663088816e-02	3.775838e+00
3.599910803713816e-02	3.772436e+00
3.605104944338815e-02	3.768875e+00
3.610299084963815e-02	3.765182e+00
3.615493225588815e-02	3.761385e+00
3.620687366213815e-02	3.757505e+00
3.625881506838815e-02	3.753560e+00
3.631075647463815e-02	3.749566e+00
3.636269788088815e-02	3.745536e+00
3.641463928713815e-02	3.741479e+00
3.646658069338814e-02	3.737403e+00
3.651852209963814e-02	3.733315e+00
3.657046350588814e-02	3.729219e+00
3.662240491213814e-02	3.725119e+00
3.667434631838814e-02	3.721017e+00
3.672628772463814e-02	3.716916e+00
3.677822913088814e-02	3.712816e+00
3.683017053713813e-02	3.708718e+00
3.688211194338813e-02	3.704624e+00
3.693405334963813e-02	3.700534e+00
3.698599475588813e-02	3.696447e+00
3.703793616213813e-02	3.692365e+00
3.708987756838813e-02	3.688287e+00
3.714181897463813e-02	3.684214e+00
3.719376038088813e-02	3.680144e+00
3.724570178713812e-02	3.676080e+00
3.729764319338812e-02	3.672019e+00
3.734958459963812e-02	3.667963e+00
3.740152600588812e-02	3.663912e+00
3.745346741213812e-02	3.659865e+00
3.750540881838812e-02	3.655823e+00
3.760929163088812e-02	3.647751e+00
3.771317444338811e-02	3.639697e+00
3.786899866213811e-02	3.627650e+00
3.803966328267382e-02	3.614502e+00
3.821032790320953e-02	3.601401e+00
3.838099252374524e-02	3.588347e+00
3.855165714428095e-02	3.575340e+00
3.872232176481666e-02	3.562380e+00
3.889298638535237e-02	3.549468e+00
3.906365100588808e-02	3.536603e+00
3.930851763535236e-02	3.518227e+00
3.955338426481664e-02	3.499944e+00
3.979825089428092e-02	3.481757e+00
4.004311752374520e-02	3.463663e+00
4.028798415320948e-02	3.445664e+00
4.053285078267375e-02	3.427759e+00
4.077771741213804e-02	3.409948e+00
4.094096183178089e-02	3.398125e+00
4.110420625142374e-02	3.386343e+00
4.126745067106660e-02	3.374601e+00
4.143069509070945e-02	3.362900e+00
4.159393951035231e-02	3.351240e+00
4.175718392999515e-02	3.339620e+00
4.192042834963801e-02	3.328041e+00
4.207625256838800e-02	3.317026e+00
4.218013538088800e-02	3.309702e+00
4.223207678713800e-02	3.306047e+00
4.228401819338800e-02	3.302395e+00
4.233595959963800e-02	3.298748e+00
4.238790100588800e-02	3.295104e+00
4.243984241213800e-02	3.291465e+00
4.249178381838799e-02	3.287829e+00
4.254372522463799e-02	3.284198e+00
4.259566663088799e-02	3.280571e+00
4.264760803713799e-02	3.276949e+00
4.269954944338799e-02	3.273332e+00
4.275149084963799e-02	3.269721e+00
4.280343225588799e-02	3.266117e+00
4.285537366213799e-02	3.262525e+00
4.290731506838798e-02	3.258948e+00
4.295925647463798e-02	3.255396e+00
4.301119788088798e-02	3.251885e+00
4.306313928713798e-02	3.248442e+00
4.311508069338798e-02	3.245111e+00
4.316702209963798e-02	3.241963e+00
4.321896350588798e-02	3.239113e+00
4.327090491213798e-02	3.236740e+00
4.332284631838797e-02	3.235106e+00
4.337478772463797e-02	3.234589e+00
4.342672913088797e-02	3.235684e+00
4.347867053713797e-02	3.238990e+00
4.353061194338797e-02	3.245131e+00
4.358255334963797e-02	3.254638e+00
4.363449475588797e-02	3.267795e+00
4.368643616213796e-02	3.284552e+00
4.373837756838796e-02	3.304518e+00
4.379031897463796e-02	3.327057e+00
4.384226038088796e-02	3.351443e+00
4.389420178713796e-02	3.376978e+00
4.394614319338796e-02	3.403056e+00
4.399808459963796e-02	3.429196e+00
4.405002600588796e-02	3.455037e+00
4.410196741213795e-02	3.480319e+00
4.420585022463795e-02	3.528545e+00
4.436167444338795e-02	3.593698e+00
4.443587645231652e-02	3.621362e+00
4.451007846124509e-02	3.646851e+00
4.458428047017365e-02	3.670164e+00
4.465848247910223e-02	3.691301e+00
4.473268448803080e-02	3.710263e+00
4.480688649695937e-02	3.727049e+00
4.488108850588794e-02	3.741660e+00
4.498497131838793e-02	3.758815e+00
4.508885413088793e-02	3.772179e+00
4.514079553713793e-02	3.777509e+00
4.519273694338793e-02	3.781981e+00
4.524467834963793e-02	3.785629e+00
4.529661975588792e-02	3.788492e+00
4.534856116213792e-02	3.790609e+00
4.540050256838792e-02	3.792022e+00
4.545244397463792e-02	3.792776e+00
4.550438538088792e-02	3.792914e+00
4.555632678713792e-02	3.792486e+00
4.560826819338792e-02	3.791537e+00
4.566020959963792e-02	3.790116e+00
4.571215100588791e-02	3.788270e+00
4.576409241213791e-02	3.786046e+00
4.581603381838791e-02	3.783489e+00
4.586797522463791e-02	3.780643e+00
4.591991663088791e-02	3.777548e+00
4.597185803713791e-02	3.774243e+00
4.602379944338791e-02	3.770761e+00
4.607574084963791e-02	3.767134e+00
4.612768225588790e-02	3.763389e+00
4.617962366213790e-02	3.759550e+00
4.623156506838790e-02	3.755637e+00
4.628350647463790e-02	3.751667e+00
4.633544788088790e-02	3.747654e+00
4.638738928713790e-02	3.743610e+00
4.643933069338790e-02	3.739543e+00
4.649127209963790e-02	3.735461e+00
4.654321350588789e-02	3.731368e+00
4.659515491213789e-02	3.727270e+00
4.664709631838789e-02	3.723169e+00
4.669903772463789e-02	3.719067e+00
4.675097913088789e-02	3.714966e+00
4.680292053713789e-02	3.710867e+00
4.685486194338789e-02	3.706772e+00
4.690680334963789e-02	3.702679e+00
4.695874475588788e-02	3.698591e+00
4.701068616213788e-02	3.694506e+00
4.706262756838788e-02	3.690426e+00
4.711456897463788e-02	3.686350e+00
4.716651038088788e-02	3.682279e+00
4.721845178713788e-02	3.678211e+00
4.727039319338788e-02	3.674149e+00
4.732233459963787e-02	3.670091e+00
4.737427600588787e-02	3.666037e+00
4.742621741213787e-02	3.661988e+00
4.747815881838787e-02	3.657943e+00
4.753010022463787e-02	3.653903e+00
4.763398303713787e-02	3.645835e+00
4.773786584963786e-02	3.637786e+00
4.789369006838786e-02	3.625745e+00
4.806435468892357e-02	3.612603e+00
4.823501930945928e-02	3.599509e+00
4.840568392999499e-02	3.586462e+00
4.857634855053070e-02	3.573462e+00
4.874701317106641e-02	3.560509e+00
4.891767779160212e-02	3.547604e+00
4.908834241213783e-02	3.534746e+00
4.933320904160211e-02	3.516379e+00
4.957807567106639e-02	3.498106e+00
4.982294230053067e-02	3.479928e+00
5.006780892999495e-02	3.461844e+00
5.031267555945923e-02	3.443854e+00
5.055754218892351e-02	3.425958e+00
5.080240881838779e-02	3.408157e+00
5.089887142999493e-02	3.401169e+00
5.099533404160207e-02	3.394196e+00
5.109179665320921e-02	3.387237e+00
5.118825926481635e-02	3.380292e+00
5.128472187642349e-02	3.373361e+00
5.138118448803063e-02	3.366445e+00
5.147764709963777e-02	3.359543e+00
5.152958850588777e-02	3.355832e+00
5.163347131838777e-02	3.348423e+00
5.173735413088777e-02	3.341030e+00
5.184123694338776e-02	3.333653e+00
5.194511975588776e-02	3.326293e+00
5.204900256838776e-02	3.318949e+00
5.215288538088775e-02	3.311622e+00
5.225676819338775e-02	3.304310e+00
5.230870959963775e-02	3.300661e+00
5.236065100588775e-02	3.297015e+00
5.241259241213775e-02	3.293373e+00
5.246453381838775e-02	3.289736e+00
5.251647522463775e-02	3.286103e+00
5.256841663088774e-02	3.282474e+00
5.262035803713774e-02	3.278849e+00
5.267229944338774e-02	3.275229e+00
5.272424084963774e-02	3.271614e+00
5.277618225588774e-02	3.268007e+00
5.282812366213774e-02	3.264408e+00
5.288006506838774e-02	3.260822e+00
5.293200647463774e-02	3.257256e+00
5.298394788088773e-02	3.253721e+00
5.303580168954355e-02	3.250244e+00
5.308774309579355e-02	3.246847e+00
5.313968450204355e-02	3.243586e+00
5.318800000000000e-02	3.240681e+00
