time	V(n002)
0.000000000000000e+00	0.000000e+00
5.194140673125958e-10	1.012945e-13
1.038828134625192e-09	5.395763e-13
1.714689712137205e-05	1.522280e-06
3.429275541460947e-05	7.819402e-06
5.143861370784689e-05	1.889137e-05
6.858447200108431e-05	3.473817e-05
8.573033029432174e-05	5.535982e-05
1.028761885875592e-04	8.075631e-05
1.200220468807966e-04	1.109276e-04
1.719634531307966e-04	2.976073e-04
2.239048593807965e-04	7.497258e-04
2.758462656307965e-04	1.829058e-03
3.277876718807966e-04	4.256286e-03
3.752756568529818e-04	8.837498e-03
4.192006291710821e-04	1.677948e-02
4.637361682736678e-04	3.047484e-02
5.137548120064432e-04	5.397344e-02
5.656962182564432e-04	8.755747e-02
6.176376245064432e-04	1.297252e-01
6.695790307564432e-04	1.788562e-01
7.215204370064432e-04	2.332499e-01
7.734618432564432e-04	2.915952e-01
8.254032495064432e-04	3.528526e-01
9.292860620064433e-04	4.811225e-01
1.010908271827872e-03	5.865849e-01
1.092530481649300e-03	6.924082e-01
1.174152691470729e-03	7.985923e-01
1.255774901292158e-03	9.051373e-01
1.337397111113586e-03	1.012043e+00
1.419019320935015e-03	1.119310e+00
1.500641530756443e-03	1.226937e+00
1.693566753970729e-03	1.479059e+00
1.886491977185015e-03	1.721313e+00
2.079417200399301e-03	1.953699e+00
2.272342423613587e-03	2.176219e+00
2.465267646827873e-03	2.388871e+00
2.658192870042158e-03	2.591655e+00
2.851118093256444e-03	2.784573e+00
3.251808941470727e-03	3.142878e+00
3.652499789685011e-03	3.427642e+00
4.053190637899295e-03	3.638862e+00
4.453881486113579e-03	3.776540e+00
4.854572334327863e-03	3.840675e+00
5.255263182542147e-03	3.831267e+00
5.655954030756430e-03	3.748316e+00
5.945341865577857e-03	3.633095e+00
6.234729700399282e-03	3.483941e+00
6.524117535220709e-03	3.300855e+00
6.813505370042135e-03	3.083836e+00
7.102893204863562e-03	2.832885e+00
7.392281039684988e-03	2.548000e+00
7.681668874506413e-03	2.229183e+00
7.837493093256414e-03	2.047957e+00
7.993317312006415e-03	1.862278e+00
8.149141530756417e-03	1.672146e+00
8.304965749506418e-03	1.477561e+00
8.460789968256419e-03	1.278523e+00
8.616614187006419e-03	1.075032e+00
8.772438405756420e-03	8.670875e-01
8.831800012899278e-03	7.881031e-01
8.891161620042136e-03	7.100612e-01
8.950523227184993e-03	6.329616e-01
9.009884834327851e-03	5.568044e-01
9.069246441470709e-03	4.815895e-01
9.128608048613566e-03	4.073171e-01
9.187969655756424e-03	3.339870e-01
9.239911062006424e-03	2.730646e-01
9.291852468256425e-03	2.152001e-01
9.343793874506425e-03	1.615817e-01
9.395735280756426e-03	1.138167e-01
9.447676687006426e-03	7.379715e-02
9.499618093256426e-03	4.326597e-02
9.551559499506427e-03	2.275855e-02
9.603500905756427e-03	1.030195e-02
9.634319401908393e-03	6.037445e-03
9.663915871332484e-03	3.723850e-03
9.698095056909333e-03	2.102551e-03
9.729442193575777e-03	1.217099e-03
9.762964447192659e-03	6.791123e-04
9.798688570142346e-03	3.589676e-04
9.838292744228214e-03	1.718092e-04
9.882243962191369e-03	7.006839e-05
9.931852432319258e-03	2.030827e-05
9.983793838569259e-03	4.816579e-06
1.003573524481926e-02	1.445946e-05
1.008767665106926e-02	5.594733e-05
1.013961805731926e-02	1.628137e-04
1.019155946356926e-02	4.237671e-04
1.024350086981926e-02	1.053016e-03
1.029544227606926e-02	2.473668e-03
1.034050511444398e-02	5.072597e-03
1.038310062936804e-02	9.872672e-03
1.042724741076202e-02	1.875823e-02
1.047150919688029e-02	3.355459e-02
1.052345060313029e-02	5.959989e-02
1.057539200938029e-02	9.481561e-02
1.062733341563029e-02	1.383792e-01
1.067927482188029e-02	1.885629e-01
1.073121622813029e-02	2.438228e-01
1.078315763438029e-02	3.028360e-01
1.083509904063029e-02	3.645418e-01
1.093898185313029e-02	4.933771e-01
1.102802426384458e-02	6.089082e-01
1.111706667455887e-02	7.246725e-01
1.120610908527315e-02	8.406697e-01
1.129515149598744e-02	9.569001e-01
1.138419390670173e-02	1.073364e+00
1.147323631741601e-02	1.190060e+00
1.156227872813030e-02	1.306990e+00
1.177004435313030e-02	1.576534e+00
1.197780997813030e-02	1.833844e+00
1.218557560313030e-02	2.078917e+00
1.239334122813031e-02	2.311756e+00
1.260110685313031e-02	2.532359e+00
1.280887247813031e-02	2.740727e+00
1.301663810313031e-02	2.936859e+00
1.359541377277317e-02	3.390046e+00
1.417418944241602e-02	3.688504e+00
1.475296511205888e-02	3.832234e+00
1.533174078170173e-02	3.821237e+00
1.591051645134459e-02	3.655511e+00
1.648929212098744e-02	3.335057e+00
1.706806779063030e-02	2.859875e+00
1.726841321473744e-02	2.664892e+00
1.746875863884458e-02	2.458886e+00
1.766910406295171e-02	2.241856e+00
1.786944948705885e-02	2.013802e+00
1.806979491116599e-02	1.774726e+00
1.827014033527313e-02	1.524626e+00
1.847048575938027e-02	1.263502e+00
1.855210796920169e-02	1.156128e+00
1.863373017902312e-02	1.048928e+00
1.871535238884454e-02	9.419040e-01
1.879697459866597e-02	8.350545e-01
1.887859680848740e-02	7.283799e-01
1.896021901830882e-02	6.218802e-01
1.904184122813025e-02	5.155554e-01
1.914572404063025e-02	3.852141e-01
1.919766544688025e-02	3.224241e-01
1.924960685313025e-02	2.620015e-01
1.930154825938024e-02	2.048241e-01
1.935348966563024e-02	1.521571e-01
1.940543107188024e-02	1.056901e-01
1.945737247813024e-02	6.733640e-02
1.950931388438024e-02	3.869333e-02
1.956125529063024e-02	1.995394e-02
1.961319669688024e-02	8.820379e-03
1.964194316372325e-02	5.309603e-03
1.967164482222080e-02	3.269091e-03
1.970519409079753e-02	1.859683e-03
1.973697913435072e-02	1.068446e-03
1.977093187420584e-02	5.900029e-04
1.980743232645693e-02	3.061318e-04
1.984795188413892e-02	1.423665e-04
1.989313156883962e-02	5.493806e-05
1.994406088456213e-02	1.413678e-05
1.999600229081213e-02	4.888400e-06
2.004794369706213e-02	2.066289e-05
2.009988510331213e-02	7.313005e-05
2.015182650956213e-02	2.051764e-04
2.020376791581213e-02	5.264438e-04
2.025570932206213e-02	1.298632e-03
2.030765072831213e-02	3.022145e-03
2.035191550867223e-02	6.148131e-03
2.039841588939688e-02	1.245230e-02
2.044111509353490e-02	2.267358e-02
2.048793170832920e-02	4.074251e-02
2.053987311457920e-02	6.973675e-02
2.059181452082920e-02	1.077746e-01
2.064375592707920e-02	1.536441e-01
2.069569733332920e-02	2.055877e-01
2.074763873957920e-02	2.621400e-01
2.079958014582919e-02	3.220927e-01
2.090346295832919e-02	4.486855e-01
2.105928717707919e-02	6.479790e-01
2.117801039136490e-02	8.052908e-01
2.129673360565061e-02	9.613548e-01
2.141545681993632e-02	1.116171e+00
2.153418003422203e-02	1.269740e+00
2.165290324850774e-02	1.422060e+00
2.177162646279346e-02	1.573133e+00
2.189034967707917e-02	1.722958e+00
2.213521630654345e-02	2.023432e+00
2.238008293600773e-02	2.303152e+00
2.262494956547201e-02	2.562118e+00
2.286981619493629e-02	2.800331e+00
2.311468282440057e-02	3.017791e+00
2.335954945386485e-02	3.214498e+00
2.360441608332912e-02	3.390450e+00
2.409414934225768e-02	3.653912e+00
2.458388260118624e-02	3.805834e+00
2.507361586011480e-02	3.846218e+00
2.556334911904336e-02	3.775061e+00
2.605308237797192e-02	3.592366e+00
2.654281563690048e-02	3.298131e+00
2.703254889582904e-02	2.892357e+00
2.723289431993618e-02	2.700030e+00
2.743323974404331e-02	2.496442e+00
2.763358516815045e-02	2.281594e+00
2.783393059225759e-02	2.055485e+00
2.803427601636473e-02	1.818117e+00
2.823462144047187e-02	1.569488e+00
2.843496686457900e-02	1.309600e+00
2.852400927529329e-02	1.192636e+00
2.861305168600757e-02	1.075853e+00
2.870209409672185e-02	9.592492e-01
2.879113650743614e-02	8.428251e-01
2.888017891815042e-02	7.265808e-01
2.896922132886471e-02	6.105162e-01
2.905826373957899e-02	4.946314e-01
2.916214655207899e-02	3.651478e-01
2.921408795832899e-02	3.030283e-01
2.926602936457898e-02	2.435223e-01
2.931797077082898e-02	1.876075e-01
2.936991217707898e-02	1.366863e-01
2.942185358332898e-02	9.257925e-02
2.947379498957898e-02	5.718076e-02
2.952573639582898e-02	3.174596e-02
2.957767780207898e-02	1.548883e-02
2.961838842350022e-02	7.949518e-03
2.964738904191435e-02	4.865881e-03
2.967808908331204e-02	2.939266e-03
2.971141023924575e-02	1.668691e-03
2.974296985670442e-02	9.625251e-04
2.977795331433269e-02	5.212034e-04
2.981448913694483e-02	2.687353e-04
2.985660538209681e-02	1.199810e-04
2.990193248349836e-02	4.446308e-05
2.995387388974836e-02	1.044847e-05
3.000581529599836e-02	5.891903e-06
3.005775670224836e-02	2.701710e-05
3.010969810849836e-02	8.988990e-05
3.016163951474836e-02	2.462791e-04
3.021358092099835e-02	6.257774e-04
3.026552232724835e-02	1.535404e-03
3.031746373349835e-02	3.615310e-03
3.036639011944557e-02	7.732865e-03
3.041058784764974e-02	1.484547e-02
3.045465564749000e-02	2.713992e-02
3.050321673527361e-02	4.827430e-02
3.055515814152360e-02	8.001421e-02
3.060709954777360e-02	1.205462e-01
3.065904095402360e-02	1.683993e-01
3.071098236027360e-02	2.218379e-01
3.076292376652360e-02	2.794845e-01
3.081486517277360e-02	3.402333e-01
3.091874798527360e-02	4.678487e-01
3.100037019509502e-02	5.730640e-01
3.108199240491645e-02	6.787007e-01
3.116361461473787e-02	7.847589e-01
3.124523682455930e-02	8.912385e-01
3.132685903438073e-02	9.981395e-01
3.140848124420215e-02	1.105462e+00
3.149010345402358e-02	1.213206e+00
3.168302867723786e-02	1.465647e+00
3.187595390045214e-02	1.708289e+00
3.206887912366643e-02	1.941134e+00
3.226180434688070e-02	2.164181e+00
3.245472957009499e-02	2.377430e+00
3.264765479330926e-02	2.580882e+00
3.284058001652355e-02	2.774535e+00
3.323385066384497e-02	3.128345e+00
3.362712131116639e-02	3.411480e+00
3.402039195848781e-02	3.623937e+00
3.441366260580922e-02	3.765719e+00
3.480693325313064e-02	3.836824e+00
3.520020390045206e-02	3.837253e+00
3.559347454777348e-02	3.767006e+00
3.589028258348776e-02	3.656851e+00
3.618709061920204e-02	3.510750e+00
3.648389865491632e-02	3.328701e+00
3.678070669063059e-02	3.110706e+00
3.707751472634487e-02	2.856764e+00
3.737432276205915e-02	2.566875e+00
3.767113079777343e-02	2.241039e+00
3.782695501652342e-02	2.060305e+00
3.798277923527342e-02	1.875050e+00
3.813860345402342e-02	1.685276e+00
3.829442767277341e-02	1.490983e+00
3.845025189152341e-02	1.292169e+00
3.860607611027340e-02	1.088835e+00
3.876190032902340e-02	8.809822e-01
3.882126193616626e-02	8.020112e-01
3.888062354330911e-02	7.239191e-01
3.893998515045197e-02	6.467059e-01
3.899934675759482e-02	5.703715e-01
3.905870836473768e-02	4.949161e-01
3.911806997188053e-02	4.203395e-01
3.917743157902339e-02	3.466417e-01
3.922937298527339e-02	2.852083e-01
3.928131439152339e-02	2.266423e-01
3.933325579777339e-02	1.720242e-01
3.938519720402339e-02	1.228903e-01
3.943713861027338e-02	8.116236e-02
3.948908001652338e-02	4.863875e-02
3.954102142277338e-02	2.615098e-02
3.959296282902338e-02	1.218983e-02
3.962716536580777e-02	6.820736e-03
3.965621839929357e-02	4.232828e-03
3.969103519522784e-02	2.377142e-03
3.972258368391586e-02	1.370064e-03
3.975504312865837e-02	7.801316e-04
3.979085703605029e-02	4.136818e-04
3.982869569811427e-02	2.061548e-04
3.987264647755918e-02	8.624883e-05
3.991970385997397e-02	2.815941e-05
3.997164526622397e-02	6.066449e-06
4.002358667247397e-02	9.924592e-06
4.007552807872397e-02	4.222381e-05
4.012746948497397e-02	1.286027e-04
4.017941089122397e-02	3.407034e-04
4.023135229747397e-02	8.533832e-04
4.028329370372397e-02	2.027242e-03
4.032960790627103e-02	4.267907e-03
4.037261051185641e-02	8.432219e-03
4.041738316949722e-02	1.633457e-02
4.046057675589505e-02	2.926482e-02
4.051084246952248e-02	5.238945e-02
4.056278387577248e-02	8.543601e-02
4.061472528202248e-02	1.271593e-01
4.066666668827248e-02	1.759440e-01
4.071860809452248e-02	2.300802e-01
4.077054950077248e-02	2.882363e-01
4.082249090702247e-02	3.493563e-01
4.092637371952247e-02	4.774493e-01
4.100799592934390e-02	5.828450e-01
4.108961813916533e-02	6.886180e-01
4.117124034898675e-02	7.947684e-01
4.125286255880817e-02	9.012962e-01
4.133448476862960e-02	1.008201e+00
4.141610697845103e-02	1.115484e+00
4.149772918827246e-02	1.223144e+00
4.169065441148674e-02	1.475354e+00
4.188357963470102e-02	1.717716e+00
4.207650485791530e-02	1.950229e+00
4.226943008112958e-02	2.172895e+00
4.246235530434386e-02	2.385712e+00
4.265528052755814e-02	2.588682e+00
4.284820575077242e-02	2.781803e+00
4.324147639809384e-02	3.134405e+00
4.363474704541526e-02	3.416284e+00
4.402801769273668e-02	3.627439e+00
4.442128834005810e-02	3.767871e+00
4.481455898737952e-02	3.837579e+00
4.520782963470094e-02	3.836563e+00
4.560110028202236e-02	3.764824e+00
4.589790831773664e-02	3.653584e+00
4.619471635345091e-02	3.506455e+00
4.649152438916519e-02	3.323436e+00
4.678833242487947e-02	3.104527e+00
4.708514046059375e-02	2.849729e+00
4.738194849630803e-02	2.559041e+00
4.767875653202230e-02	2.232463e+00
4.783458075077230e-02	2.051373e+00
4.799040496952230e-02	1.865811e+00
4.814622918827229e-02	1.675777e+00
4.830205340702229e-02	1.481272e+00
4.845787762577228e-02	1.282295e+00
4.861370184452228e-02	1.078847e+00
4.876952606327228e-02	8.709273e-01
4.882888767041513e-02	7.919464e-01
4.888824927755799e-02	7.138900e-01
4.894761088470084e-02	6.367581e-01
4.900697249184370e-02	5.605507e-01
4.906633409898656e-02	4.852678e-01
4.912569570612941e-02	4.109093e-01
4.918505731327227e-02	3.374754e-01
4.923699871952227e-02	2.764085e-01
4.928894012577226e-02	2.183456e-01
4.934088153202226e-02	1.644524e-01
4.939282293827226e-02	1.163112e-01
4.944476434452226e-02	7.580366e-02
4.949670575077226e-02	4.470875e-02
4.954864715702226e-02	2.365946e-02
4.960058856327226e-02	1.079066e-02
4.963214576964969e-02	6.263171e-03
4.966172181667316e-02	3.863820e-03
4.969612511343251e-02	2.175416e-03
4.972734864976934e-02	1.261834e-03
4.976076840619800e-02	7.058721e-04
4.979627539658452e-02	3.749871e-04
4.983564531856321e-02	1.807745e-04
4.987924986027895e-02	7.477728e-05
4.992850749643292e-02	2.234230e-05
4.998044890268292e-02	5.026657e-06
5.003239030893292e-02	1.305694e-05
5.008433171518292e-02	5.185918e-05
5.013627312143291e-02	1.526740e-04
5.018821452768291e-02	3.991519e-04
5.024015593393291e-02	9.939740e-04
5.029209734018291e-02	2.342231e-03
5.033752482359174e-02	4.838577e-03
5.038015480885381e-02	9.444605e-03
5.042441985707621e-02	1.803558e-02
5.046842159317736e-02	3.229984e-02
5.051983100990166e-02	5.746887e-02
5.057177241615166e-02	9.207104e-02
5.062371382240165e-02	1.351497e-01
5.067565522865165e-02	1.849847e-01
5.072759663490165e-02	2.399029e-01
5.077953804115165e-02	2.986313e-01
5.083147944740165e-02	3.601680e-01
5.093536225990165e-02	4.887977e-01
5.099472386704450e-02	5.650823e-01
5.105408547418736e-02	6.417513e-01
5.111344708133021e-02	7.188045e-01
5.117280868847307e-02	7.962419e-01
5.123217029561593e-02	8.740636e-01
5.129153190275878e-02	9.522695e-01
5.135089350990164e-02	1.030860e+00
5.140283491615164e-02	1.099072e+00
5.158833993847306e-02	1.343997e+00
5.177384496079449e-02	1.580573e+00
5.195934998311591e-02	1.808801e+00
5.214485500543733e-02	2.028679e+00
5.233036002775875e-02	2.240209e+00
5.251586505008018e-02	2.443390e+00
5.270137007240160e-02	2.638223e+00
5.276073167954446e-02	2.697244e+00
5.282009328668731e-02	2.754964e+00
5.287945489383017e-02	2.811385e+00
5.293881650097303e-02	2.866505e+00
5.299817810811588e-02	2.920326e+00
5.305753971525873e-02	2.972846e+00
5.311690132240159e-02	3.024066e+00
5.316884272865159e-02	3.067875e+00
5.318800000000000e-02	3.083801e+00
