time	V(n002)
0.000000000000000e+00	0.000000e+00
5.194140673125958e-10	4.074717e-20
1.038828134625192e-09	2.174954e-19
1.601396557650484e-05	-4.022065e-10
3.202689232487505e-05	-3.923693e-11
4.803981907324526e-05	1.088909e-09
6.405274582161547e-05	2.982231e-09
8.006567256998569e-05	5.640729e-09
9.607859931835590e-05	9.064403e-09
1.120915260667261e-04	1.325325e-08
1.351609253048863e-04	2.420875e-08
1.599538749934000e-04	4.323584e-08
1.867165134435275e-04	7.675414e-08
2.145807570018899e-04	1.343180e-07
2.436095396639362e-04	2.341014e-07
2.732211872387041e-04	4.048153e-07
3.034437835723809e-04	6.987199e-07
3.339397853855893e-04	1.201305e-06
3.647404027044078e-04	2.064158e-06
3.956664559651469e-04	3.540235e-06
4.267504158065041e-04	6.071379e-06
4.579018729372265e-04	1.040328e-05
4.891488360641560e-04	1.782742e-05
5.204474296268638e-04	3.053745e-05
5.518199016844741e-04	5.231435e-05
5.832471254117697e-04	8.960359e-05
6.147480099097790e-04	1.534838e-04
6.463198650468089e-04	2.628778e-04
6.779852495548991e-04	4.502552e-04
7.097611621622932e-04	7.711228e-04
7.416908527026724e-04	1.320592e-03
7.738352232019083e-04	2.261232e-03
8.063067991433896e-04	3.871176e-03
8.392934879792266e-04	6.625562e-03
8.731323417462377e-04	1.133782e-02
9.084326847158682e-04	1.941360e-02
9.463659046208466e-04	3.334110e-02
9.892031925893372e-04	5.764616e-02
1.041144598839337e-03	9.957164e-02
1.092651108782043e-03	1.532288e-01
1.144592515032043e-03	2.169538e-01
1.196533921282043e-03	2.866067e-01
1.248475327532043e-03	3.593419e-01
1.300416733782043e-03	4.334062e-01
1.404299546282043e-03	5.822080e-01
1.589804568603472e-03	8.462879e-01
1.775309590924900e-03	1.100690e+00
1.960814613246329e-03	1.345413e+00
2.146319635567758e-03	1.580459e+00
2.331824657889186e-03	1.805826e+00
2.517329680210615e-03	2.021515e+00
2.702834702532043e-03	2.227526e+00
2.895759925746329e-03	2.427980e+00
3.088685148960615e-03	2.613541e+00
3.281610372174900e-03	2.784209e+00
3.474535595389186e-03	2.939984e+00
3.667460818603471e-03	3.080866e+00
3.860386041817758e-03	3.206856e+00
4.053311265032043e-03	3.317952e+00
4.157194077532042e-03	3.370671e+00
4.261076890032041e-03	3.419030e+00
4.364959702532040e-03	3.463030e+00
4.468842515032039e-03	3.502669e+00
4.572725327532039e-03	3.537948e+00
4.676608140032038e-03	3.568867e+00
4.780490952532037e-03	3.595427e+00
4.884373765032036e-03	3.618276e+00
4.988256577532035e-03	3.637385e+00
5.092139390032034e-03	3.652993e+00
5.144080796282034e-03	3.659570e+00
5.196022202532033e-03	3.665380e+00
5.247963608782033e-03	3.670462e+00
5.299905015032033e-03	3.674860e+00
5.351846421282032e-03	3.678618e+00
5.403787827532032e-03	3.681783e+00
5.455729233782031e-03	3.684402e+00
5.507670640032031e-03	3.686521e+00
5.559612046282031e-03	3.688190e+00
5.611553452532030e-03	3.689455e+00
5.663494858782030e-03	3.690361e+00
5.715436265032029e-03	3.690955e+00
5.767377671282029e-03	3.691278e+00
5.819319077532028e-03	3.691368e+00
5.871260483782028e-03	3.691263e+00
5.923201890032028e-03	3.690995e+00
5.975143296282027e-03	3.690592e+00
6.027084702532027e-03	3.690082e+00
6.079026108782026e-03	3.689484e+00
6.130967515032026e-03	3.688819e+00
6.182908921282025e-03	3.688100e+00
6.234850327532025e-03	3.687342e+00
6.286791733782025e-03	3.686553e+00
6.338733140032024e-03	3.685741e+00
6.390674546282024e-03	3.684913e+00
6.442615952532023e-03	3.684074e+00
6.494557358782023e-03	3.683226e+00
6.546498765032023e-03	3.682372e+00
6.598440171282022e-03	3.681515e+00
6.650381577532022e-03	3.680654e+00
6.702322983782021e-03	3.679792e+00
6.754264390032021e-03	3.678929e+00
6.806205796282020e-03	3.678066e+00
6.858147202532020e-03	3.677202e+00
6.910088608782020e-03	3.676338e+00
6.962030015032019e-03	3.675474e+00
7.013971421282019e-03	3.674610e+00
7.065912827532018e-03	3.673746e+00
7.117854233782018e-03	3.672883e+00
7.169795640032017e-03	3.672019e+00
7.221737046282017e-03	3.671156e+00
7.273678452532017e-03	3.670293e+00
7.325619858782016e-03	3.669430e+00
7.377561265032016e-03	3.668567e+00
7.429502671282015e-03	3.667705e+00
7.481444077532015e-03	3.666842e+00
7.533385483782015e-03	3.665980e+00
7.637268296282014e-03	3.664257e+00
7.793092515032012e-03	3.661673e+00
7.948916733782013e-03	3.659091e+00
8.134421756103443e-03	3.656019e+00
8.319926778424873e-03	3.652950e+00
8.505431800746303e-03	3.649884e+00
8.690936823067734e-03	3.646820e+00
8.876441845389164e-03	3.643759e+00
9.061946867710594e-03	3.640700e+00
9.247451890032024e-03	3.637644e+00
9.492318519496312e-03	3.633614e+00
9.737185148960600e-03	3.629588e+00
9.982051778424888e-03	3.625567e+00
1.022691840788918e-02	3.621550e+00
1.047178503735346e-02	3.617538e+00
1.071665166681775e-02	3.613530e+00
1.096151829628204e-02	3.609527e+00
1.113218291681775e-02	3.606739e+00
1.130284753735347e-02	3.603954e+00
1.147351215788919e-02	3.601170e+00
1.164417677842490e-02	3.598389e+00
1.181484139896062e-02	3.595610e+00
1.198550601949633e-02	3.592833e+00
1.215617064003205e-02	3.590059e+00
1.226005345253205e-02	3.588371e+00
1.236393626503205e-02	3.586684e+00
1.241587767128205e-02	3.585840e+00
1.246781907753205e-02	3.584997e+00
1.251976048378205e-02	3.584154e+00
1.257170189003205e-02	3.583312e+00
1.262364329628205e-02	3.582469e+00
1.267558470253205e-02	3.581627e+00
1.272752610878205e-02	3.580785e+00
1.277946751503205e-02	3.579943e+00
1.283140892128205e-02	3.579102e+00
1.288335032753206e-02	3.578260e+00
1.293529173378206e-02	3.577419e+00
1.298723314003206e-02	3.576579e+00
1.303917454628206e-02	3.575738e+00
1.309111595253206e-02	3.574899e+00
1.314305735878206e-02	3.574060e+00
1.319499876503206e-02	3.573223e+00
1.324694017128206e-02	3.572388e+00
1.329888157753206e-02	3.571556e+00
1.335082298378206e-02	3.570729e+00
1.340276439003206e-02	3.569910e+00
1.345470579628206e-02	3.569102e+00
1.350664720253206e-02	3.568311e+00
1.355858860878206e-02	3.567545e+00
1.361053001503206e-02	3.566814e+00
1.366247142128206e-02	3.566133e+00
1.371441282753206e-02	3.565523e+00
1.376635423378206e-02	3.565011e+00
1.381829564003206e-02	3.564631e+00
1.387023704628206e-02	3.564426e+00
1.392217845253206e-02	3.564451e+00
1.397411985878206e-02	3.564767e+00
1.402606126503207e-02	3.565448e+00
1.407800267128207e-02	3.566569e+00
1.412994407753207e-02	3.568213e+00
1.418188548378207e-02	3.570453e+00
1.423382689003207e-02	3.573355e+00
1.433770970253207e-02	3.581294e+00
1.438965110878207e-02	3.586337e+00
1.444159251503207e-02	3.592049e+00
1.449353392128207e-02	3.598353e+00
1.454547532753207e-02	3.605150e+00
1.459741673378207e-02	3.612322e+00
1.464935814003207e-02	3.619741e+00
1.470129954628207e-02	3.627279e+00
1.475324095253207e-02	3.634811e+00
1.480518235878207e-02	3.642226e+00
1.485712376503207e-02	3.649422e+00
1.490906517128207e-02	3.656317e+00
1.496100657753207e-02	3.662840e+00
1.501294798378207e-02	3.668938e+00
1.511683079628207e-02	3.679720e+00
1.527265501503208e-02	3.692137e+00
1.532459642128208e-02	3.695286e+00
1.537653782753208e-02	3.697967e+00
1.542847923378208e-02	3.700204e+00
1.548042064003208e-02	3.702026e+00
1.553236204628208e-02	3.703466e+00
1.558430345253208e-02	3.704557e+00
1.563624485878208e-02	3.705333e+00
1.568818626503208e-02	3.705831e+00
1.574012767128207e-02	3.706084e+00
1.579206907753207e-02	3.706125e+00
1.584401048378207e-02	3.705986e+00
1.589595189003207e-02	3.705694e+00
1.594789329628207e-02	3.705276e+00
1.599983470253207e-02	3.704756e+00
1.605177610878207e-02	3.704152e+00
1.610371751503207e-02	3.703482e+00
1.615565892128206e-02	3.702761e+00
1.620760032753206e-02	3.702000e+00
1.625954173378206e-02	3.701209e+00
1.631148314003206e-02	3.700396e+00
1.636342454628206e-02	3.699565e+00
1.641536595253206e-02	3.698723e+00
1.646730735878206e-02	3.697873e+00
1.651924876503206e-02	3.697016e+00
1.657119017128205e-02	3.696156e+00
1.662313157753205e-02	3.695292e+00
1.667507298378205e-02	3.694427e+00
1.672701439003205e-02	3.693561e+00
1.677895579628205e-02	3.692694e+00
1.683089720253205e-02	3.691827e+00
1.688283860878205e-02	3.690960e+00
1.693478001503205e-02	3.690092e+00
1.698672142128204e-02	3.689225e+00
1.703866282753204e-02	3.688358e+00
1.709060423378204e-02	3.687491e+00
1.714254564003204e-02	3.686624e+00
1.719448704628204e-02	3.685757e+00
1.724642845253204e-02	3.684891e+00
1.729836985878204e-02	3.684024e+00
1.735031126503203e-02	3.683158e+00
1.740225267128203e-02	3.682292e+00
1.745419407753203e-02	3.681426e+00
1.750613548378203e-02	3.680561e+00
1.761001829628203e-02	3.678830e+00
1.771390110878203e-02	3.677101e+00
1.786972532753202e-02	3.674508e+00
1.804781014896059e-02	3.671546e+00
1.822589497038916e-02	3.668588e+00
1.840397979181772e-02	3.665631e+00
1.858206461324629e-02	3.662677e+00
1.876014943467486e-02	3.659726e+00
1.893823425610342e-02	3.656776e+00
1.911631907753199e-02	3.653830e+00
1.936860590788913e-02	3.649659e+00
1.962089273824626e-02	3.645493e+00
1.987317956860340e-02	3.641332e+00
2.012546639896054e-02	3.637176e+00
2.037775322931767e-02	3.633024e+00
2.063004005967481e-02	3.628877e+00
2.088232689003195e-02	3.624735e+00
2.105299151056766e-02	3.621936e+00
2.122365613110337e-02	3.619139e+00
2.139432075163908e-02	3.616344e+00
2.156498537217479e-02	3.613551e+00
2.173564999271050e-02	3.610760e+00
2.190631461324621e-02	3.607971e+00
2.207697923378192e-02	3.605185e+00
2.223280345253191e-02	3.602643e+00
2.233668626503191e-02	3.600949e+00
2.244056907753191e-02	3.599256e+00
2.249251048378191e-02	3.598410e+00
2.254445189003191e-02	3.597564e+00
2.259639329628190e-02	3.596718e+00
2.264833470253190e-02	3.595872e+00
2.270027610878190e-02	3.595027e+00
2.275221751503190e-02	3.594182e+00
2.280415892128190e-02	3.593337e+00
2.285610032753190e-02	3.592492e+00
2.290804173378190e-02	3.591647e+00
2.295998314003190e-02	3.590803e+00
2.301192454628189e-02	3.589960e+00
2.306386595253189e-02	3.589116e+00
2.311580735878189e-02	3.588274e+00
2.316774876503189e-02	3.587432e+00
2.321969017128189e-02	3.586592e+00
2.327163157753189e-02	3.585754e+00
2.332357298378189e-02	3.584920e+00
2.337551439003189e-02	3.584091e+00
2.342745579628188e-02	3.583270e+00
2.347939720253188e-02	3.582460e+00
2.353133860878188e-02	3.581668e+00
2.358328001503188e-02	3.580902e+00
2.363522142128188e-02	3.580171e+00
2.368716282753188e-02	3.579491e+00
2.373910423378188e-02	3.578883e+00
2.379104564003187e-02	3.578372e+00
2.384298704628187e-02	3.577992e+00
2.389492845253187e-02	3.577785e+00
2.394686985878187e-02	3.577801e+00
2.399881126503187e-02	3.578101e+00
2.405075267128187e-02	3.578751e+00
2.410269407753187e-02	3.579823e+00
2.415463548378187e-02	3.581389e+00
2.420657689003186e-02	3.583519e+00
2.425851829628186e-02	3.586268e+00
2.436240110878186e-02	3.593755e+00
2.441434251503186e-02	3.598492e+00
2.446628392128186e-02	3.603844e+00
2.451822532753186e-02	3.609740e+00
2.457016673378186e-02	3.616086e+00
2.462210814003185e-02	3.622773e+00
2.467404954628185e-02	3.629681e+00
2.472599095253185e-02	3.636692e+00
2.477793235878185e-02	3.643689e+00
2.482987376503185e-02	3.650568e+00
2.488181517128185e-02	3.657235e+00
2.493375657753185e-02	3.663610e+00
2.498569798378185e-02	3.669629e+00
2.503763939003184e-02	3.675243e+00
2.514152220253184e-02	3.685122e+00
2.529734642128184e-02	3.696375e+00
2.534928782753184e-02	3.699190e+00
2.540122923378184e-02	3.701564e+00
2.545317064003183e-02	3.703522e+00
2.550511204628183e-02	3.705094e+00
2.555705345253183e-02	3.706309e+00
2.560899485878183e-02	3.707201e+00
2.566093626503183e-02	3.707803e+00
2.571287767128183e-02	3.708150e+00
2.576481907753183e-02	3.708274e+00
2.581676048378182e-02	3.708206e+00
2.586870189003182e-02	3.707975e+00
2.592064329628182e-02	3.707608e+00
2.597258470253182e-02	3.707129e+00
2.602452610878182e-02	3.706559e+00
2.607646751503182e-02	3.705916e+00
2.612840892128182e-02	3.705216e+00
2.618035032753182e-02	3.704471e+00
2.623229173378181e-02	3.703692e+00
2.628423314003181e-02	3.702888e+00
2.633617454628181e-02	3.702064e+00
2.638811595253181e-02	3.701226e+00
2.644005735878181e-02	3.700379e+00
2.649199876503181e-02	3.699524e+00
2.654394017128181e-02	3.698665e+00
2.659588157753181e-02	3.697803e+00
2.664782298378180e-02	3.696938e+00
2.669976439003180e-02	3.696071e+00
2.675170579628180e-02	3.695204e+00
2.680364720253180e-02	3.694337e+00
2.685558860878180e-02	3.693469e+00
2.690753001503180e-02	3.692601e+00
2.695947142128180e-02	3.691733e+00
2.701141282753180e-02	3.690865e+00
2.706335423378179e-02	3.689998e+00
2.711529564003179e-02	3.689130e+00
2.716723704628179e-02	3.688263e+00
2.721917845253179e-02	3.687396e+00
2.727111985878179e-02	3.686529e+00
2.732306126503179e-02	3.685662e+00
2.737500267128179e-02	3.684795e+00
2.742694407753178e-02	3.683929e+00
2.747888548378178e-02	3.683063e+00
2.758276829628178e-02	3.681331e+00
2.768665110878178e-02	3.679600e+00
2.784247532753177e-02	3.677006e+00
2.801313994806749e-02	3.674166e+00
2.818380456860320e-02	3.671328e+00
2.835446918913891e-02	3.668493e+00
2.852513380967461e-02	3.665660e+00
2.869579843021032e-02	3.662829e+00
2.886646305074603e-02	3.660000e+00
2.903712767128174e-02	3.657174e+00
2.928199430074602e-02	3.653122e+00
2.952686093021030e-02	3.649075e+00
2.977172755967458e-02	3.645032e+00
3.001659418913886e-02	3.640993e+00
3.026146081860314e-02	3.636960e+00
3.050632744806742e-02	3.632930e+00
3.075119407753170e-02	3.628906e+00
3.092927889896027e-02	3.625981e+00
3.110736372038884e-02	3.623059e+00
3.128544854181740e-02	3.620139e+00
3.146353336324597e-02	3.617222e+00
3.164161818467454e-02	3.614307e+00
3.181970300610311e-02	3.611395e+00
3.199778782753167e-02	3.608484e+00
3.215361204628167e-02	3.605940e+00
3.230943626503167e-02	3.603397e+00
3.241331907753166e-02	3.601703e+00
3.246526048378166e-02	3.600856e+00
3.251720189003166e-02	3.600009e+00
3.256914329628166e-02	3.599163e+00
3.262108470253166e-02	3.598317e+00
3.267302610878166e-02	3.597471e+00
3.272496751503166e-02	3.596625e+00
3.277690892128166e-02	3.595779e+00
3.282885032753165e-02	3.594934e+00
3.288079173378165e-02	3.594089e+00
3.293273314003165e-02	3.593244e+00
3.298467454628165e-02	3.592400e+00
3.303661595253165e-02	3.591556e+00
3.308855735878165e-02	3.590712e+00
3.314049876503165e-02	3.589869e+00
3.319244017128165e-02	3.589028e+00
3.324438157753164e-02	3.588189e+00
3.329632298378164e-02	3.587352e+00
3.334826439003164e-02	3.586519e+00
3.340020579628164e-02	3.585692e+00
3.345214720253164e-02	3.584875e+00
3.350408860878164e-02	3.584072e+00
3.355603001503164e-02	3.583289e+00
3.360797142128163e-02	3.582535e+00
3.365991282753163e-02	3.581823e+00
3.371185423378163e-02	3.581170e+00
3.376379564003163e-02	3.580598e+00
3.381573704628163e-02	3.580136e+00
3.386767845253163e-02	3.579821e+00
3.391961985878163e-02	3.579697e+00
3.397156126503163e-02	3.579819e+00
3.402350267128162e-02	3.580249e+00
3.407544407753162e-02	3.581056e+00
3.412738548378162e-02	3.582311e+00
3.417932689003162e-02	3.584085e+00
3.423126829628162e-02	3.586442e+00
3.438709251503162e-02	3.597389e+00
3.443903392128161e-02	3.602335e+00
3.449097532753161e-02	3.607864e+00
3.454291673378161e-02	3.613894e+00
3.459485814003161e-02	3.620325e+00
3.464679954628161e-02	3.627045e+00
3.469874095253161e-02	3.633934e+00
3.475068235878161e-02	3.640877e+00
3.480262376503161e-02	3.647761e+00
3.485456517128160e-02	3.654487e+00
3.490650657753160e-02	3.660969e+00
3.495844798378160e-02	3.667133e+00
3.501038939003160e-02	3.672921e+00
3.511427220253160e-02	3.683211e+00
3.527009642128159e-02	3.695141e+00
3.532203782753159e-02	3.698177e+00
3.537397923378159e-02	3.700764e+00
3.542592064003159e-02	3.702924e+00
3.547786204628159e-02	3.704684e+00
3.552980345253159e-02	3.706073e+00
3.558174485878159e-02	3.707122e+00
3.563368626503158e-02	3.707866e+00
3.568562767128158e-02	3.708338e+00
3.573756907753158e-02	3.708570e+00
3.578951048378158e-02	3.708596e+00
3.584145189003158e-02	3.708444e+00
3.589339329628158e-02	3.708143e+00
3.594533470253158e-02	3.707718e+00
3.599727610878158e-02	3.707192e+00
3.604921751503157e-02	3.706585e+00
3.610115892128157e-02	3.705912e+00
3.615310032753157e-02	3.705189e+00
3.620504173378157e-02	3.704426e+00
3.625698314003157e-02	3.703633e+00
3.630892454628157e-02	3.702819e+00
3.636086595253157e-02	3.701988e+00
3.641280735878157e-02	3.701145e+00
3.646474876503156e-02	3.700294e+00
3.651669017128156e-02	3.699437e+00
3.656863157753156e-02	3.698575e+00
3.662057298378156e-02	3.697711e+00
3.667251439003156e-02	3.696846e+00
3.672445579628156e-02	3.695979e+00
3.677639720253156e-02	3.695112e+00
3.682833860878156e-02	3.694244e+00
3.688028001503155e-02	3.693376e+00
3.693222142128155e-02	3.692508e+00
3.698416282753155e-02	3.691640e+00
3.703610423378155e-02	3.690772e+00
3.708804564003155e-02	3.689904e+00
3.713998704628155e-02	3.689037e+00
3.719192845253155e-02	3.688169e+00
3.724386985878154e-02	3.687302e+00
3.729581126503154e-02	3.686435e+00
3.734775267128154e-02	3.685569e+00
3.739969407753154e-02	3.684702e+00
3.745163548378154e-02	3.683836e+00
3.750357689003154e-02	3.682970e+00
3.760745970253154e-02	3.681238e+00
3.771134251503153e-02	3.679507e+00
3.786716673378153e-02	3.676913e+00
3.804525155521010e-02	3.673950e+00
3.822333637663866e-02	3.670989e+00
3.840142119806723e-02	3.668031e+00
3.857950601949580e-02	3.665075e+00
3.875759084092437e-02	3.662121e+00
3.893567566235293e-02	3.659170e+00
3.911376048378150e-02	3.656221e+00
3.936604731413863e-02	3.652048e+00
3.961833414449577e-02	3.647879e+00
3.987062097485291e-02	3.643716e+00
4.012290780521004e-02	3.639556e+00
4.037519463556719e-02	3.635402e+00
4.062748146592432e-02	3.631252e+00
4.087976829628145e-02	3.627108e+00
4.105043291681716e-02	3.624306e+00
4.122109753735288e-02	3.621507e+00
4.139176215788858e-02	3.618711e+00
4.156242677842430e-02	3.615916e+00
4.173309139896000e-02	3.613123e+00
4.190375601949572e-02	3.610333e+00
4.207442064003142e-02	3.607545e+00
4.223024485878142e-02	3.605001e+00
4.233412767128142e-02	3.603306e+00
4.243801048378142e-02	3.601612e+00
4.248995189003141e-02	3.600765e+00
4.254189329628141e-02	3.599918e+00
4.259383470253141e-02	3.599072e+00
4.264577610878141e-02	3.598226e+00
4.269771751503141e-02	3.597380e+00
4.274965892128141e-02	3.596534e+00
4.280160032753141e-02	3.595689e+00
4.285354173378141e-02	3.594843e+00
4.290548314003140e-02	3.593998e+00
4.295742454628140e-02	3.593154e+00
4.300936595253140e-02	3.592309e+00
4.306130735878140e-02	3.591465e+00
4.311324876503140e-02	3.590622e+00
4.316519017128140e-02	3.589780e+00
4.321713157753140e-02	3.588939e+00
4.326907298378140e-02	3.588101e+00
4.332101439003139e-02	3.587265e+00
4.337295579628139e-02	3.586435e+00
4.342489720253139e-02	3.585613e+00
4.347683860878139e-02	3.584801e+00
4.352878001503139e-02	3.584006e+00
4.358072142128139e-02	3.583236e+00
4.363266282753139e-02	3.582500e+00
4.368460423378139e-02	3.581813e+00
4.373654564003138e-02	3.581194e+00
4.378848704628138e-02	3.580669e+00
4.384042845253138e-02	3.580270e+00
4.389236985878138e-02	3.580037e+00
4.394431126503138e-02	3.580020e+00
4.399625267128138e-02	3.580277e+00
4.404819407753138e-02	3.580872e+00
4.410013548378137e-02	3.581877e+00
4.415207689003137e-02	3.583364e+00
4.420401829628137e-02	3.585399e+00
4.425595970253137e-02	3.588041e+00
4.435984251503137e-02	3.595281e+00
4.441178392128137e-02	3.599885e+00
4.446372532753137e-02	3.605103e+00
4.451566673378136e-02	3.610866e+00
4.456760814003136e-02	3.617086e+00
4.461954954628136e-02	3.623655e+00
4.467149095253136e-02	3.630457e+00
4.472343235878136e-02	3.637374e+00
4.477537376503136e-02	3.644291e+00
4.482731517128136e-02	3.651102e+00
4.487925657753136e-02	3.657712e+00
4.493119798378135e-02	3.664042e+00
4.498313939003135e-02	3.670027e+00
4.503508079628135e-02	3.675615e+00
4.513896360878135e-02	3.685463e+00
4.529478782753135e-02	3.696706e+00
4.534672923378134e-02	3.699524e+00
4.539867064003134e-02	3.701903e+00
4.545061204628134e-02	3.703868e+00
4.550255345253134e-02	3.705446e+00
4.555449485878134e-02	3.706668e+00
4.560643626503134e-02	3.707567e+00
4.565837767128134e-02	3.708176e+00
4.571031907753133e-02	3.708529e+00
4.576226048378133e-02	3.708659e+00
4.581420189003133e-02	3.708596e+00
4.586614329628133e-02	3.708369e+00
4.591808470253133e-02	3.708007e+00
4.597002610878133e-02	3.707531e+00
4.602196751503133e-02	3.706964e+00
4.607390892128133e-02	3.706323e+00
4.612585032753132e-02	3.705624e+00
4.617779173378132e-02	3.704881e+00
4.622973314003132e-02	3.704103e+00
4.628167454628132e-02	3.703299e+00
4.633361595253132e-02	3.702476e+00
4.638555735878132e-02	3.701639e+00
4.643749876503132e-02	3.700792e+00
4.648944017128132e-02	3.699937e+00
4.654138157753131e-02	3.699078e+00
4.659332298378131e-02	3.698215e+00
4.664526439003131e-02	3.697351e+00
4.669720579628131e-02	3.696484e+00
4.674914720253131e-02	3.695617e+00
4.680108860878131e-02	3.694749e+00
4.685303001503131e-02	3.693882e+00
4.690497142128131e-02	3.693013e+00
4.695691282753130e-02	3.692145e+00
4.700885423378130e-02	3.691278e+00
4.706079564003130e-02	3.690410e+00
4.711273704628130e-02	3.689542e+00
4.716467845253130e-02	3.688675e+00
4.721661985878130e-02	3.687808e+00
4.726856126503130e-02	3.686940e+00
4.732050267128129e-02	3.686074e+00
4.737244407753129e-02	3.685207e+00
4.742438548378129e-02	3.684340e+00
4.747632689003129e-02	3.683474e+00
4.752826829628129e-02	3.682608e+00
4.763215110878129e-02	3.680877e+00
4.778797532753128e-02	3.678281e+00
4.794379954628128e-02	3.675688e+00
4.812930456860270e-02	3.672602e+00
4.831480959092413e-02	3.669519e+00
4.850031461324555e-02	3.666439e+00
4.868581963556697e-02	3.663361e+00
4.887132465788840e-02	3.660286e+00
4.905682968020982e-02	3.657213e+00
4.924233470253125e-02	3.654144e+00
4.948720133199553e-02	3.650095e+00
4.973206796145981e-02	3.646051e+00
4.997693459092409e-02	3.642012e+00
5.022180122038836e-02	3.637977e+00
5.046666784985265e-02	3.633946e+00
5.071153447931692e-02	3.629920e+00
5.095640110878120e-02	3.625899e+00
5.102318291681691e-02	3.624803e+00
5.108996472485263e-02	3.623707e+00
5.115674653288834e-02	3.622612e+00
5.122352834092406e-02	3.621517e+00
5.129031014895977e-02	3.620422e+00
5.135709195699548e-02	3.619328e+00
5.142387376503119e-02	3.618234e+00
5.147581517128119e-02	3.617383e+00
5.160937878735262e-02	3.615196e+00
5.174294240342404e-02	3.613011e+00
5.187650601949547e-02	3.610827e+00
5.201006963556689e-02	3.608645e+00
5.214363325163832e-02	3.606464e+00
5.227719686770974e-02	3.604284e+00
5.241076048378117e-02	3.602105e+00
5.246270189003117e-02	3.601258e+00
5.251464329628117e-02	3.600411e+00
5.256658470253116e-02	3.599565e+00
5.261852610878116e-02	3.598719e+00
5.267046751503116e-02	3.597873e+00
5.272240892128116e-02	3.597027e+00
5.277435032753116e-02	3.596181e+00
5.282629173378116e-02	3.595336e+00
5.287823314003116e-02	3.594491e+00
5.293017454628116e-02	3.593646e+00
5.298211595253115e-02	3.592801e+00
5.303405735878115e-02	3.591957e+00
5.308599876503115e-02	3.591113e+00
5.313794017128115e-02	3.590271e+00
5.318800000000000e-02	3.589459e+00
